Cave of Doom
Cave
5
1
65 65
2|2|2|2|2|2|2|2|2|2|2|2|2|2|2|2|2|2|2|2|2|2|2|2|2|2|2|2|2|2|2|2|2|2|2|2|2|2|2|2|2|2|2|2|2|2|2|2|2|2|2|2|2|2|2|2|2|2|2|2|2|2|2|2|2|
2|2|2|2|2|2|2|2|2|2|2|2|2|2|2|2|2|2|2|2|2|2|2|2|2|2|2|2|2|2|2|2|2|2|2|2|2|2|2|2|2|2|2|2|2|2|2|2|2|2|2|2|2|2|2|2|2|2|2|2|2|2|2|2|2|
2|2|2|2|2|2|2|2|2|2|2|2|2|2|2|2|2|2|2|2|2|2|2|2|2|2|2|2|2|2|2|2|2|2|2|2|2|2|2|2|2|2|2|2|2|2|2|2|2|2|2|2|2|2|2|2|2|2|2|2|2|2|2|2|2|
2|2|2|2|2|2|2|2|2|2|2|2|2|2|2|2|2|2|2|2|2|2|2|2|2|2|2|2|2|2|2|2|2|2|2|2|2|2|2|2|2|2|2|2|2|2|2|2|2|2|2|2|2|2|2|2|2|2|2|2|2|2|2|2|2|
2|2|2|2|2|2|2|2|2|2|2|2|2|2|2|2|2|2|2|2|2|2|2|2|2|2|2|2|2|2|2|2|2|2|2|2|2|2|2|2|2|2|2|2|2|2|2|2|2|2|2|2|2|2|2|2|2|2|2|2|2|2|2|2|2|
2|2|2|2|2|2|2|2|2|2|2|2|2|2|2|2|2|2|2|2|2|2|2|2|2|2|2|2|2|2|2|2|2|2|2|2|2|2|2|2|2|2|2|2|2|2|2|2|2|2|2|2|2|2|2|2|2|2|2|2|2|2|2|2|2|
2|2|2|2|2|2|2|2|2|2|2|2|2|2|2|2|2|2|2|2|2|2|2|2|2|2|2|2|2|2|2|2|2|2|2|2|2|2|2|2|2|2|2|2|2|2|2|2|2|2|2|2|2|2|2|2|2|2|2|2|2|2|2|2|2|
2|2|2|2|2|2|2|2|2|2|2|2|2|2|2|2|2|2|2|2|2|2|2|2|2|2|2|2|2|2|2|2|2|2|2|2|2|2|2|2|2|2|2|2|2|2|2|2|2|2|2|2|2|2|2|2|2|2|2|2|2|2|2|2|2|
2|2|2|2|2|2|2|2|2|2|2|2|2|2|2|2|2|2|2|2|2|2|2|2|2|2|2|2|2|2|2|2|2|2|2|2|2|2|2|2|2|2|2|2|2|2|2|2|2|2|2|2|2|2|2|2|2|2|2|2|2|2|2|2|2|
2|2|2|2|2|2|2|2|2|2|2|2|2|2|2|2|2|2|2|2|2|2|2|2|2|2|2|2|2|2|2|2|2|2|2|2|2|2|2|2|2|2|2|2|2|2|2|2|2|2|2|2|2|2|2|2|2|2|2|2|2|2|2|2|2|
2|2|2|2|2|2|2|2|2|2|2|2|2|2|2|2|2|2|2|2|2|2|2|2|2|2|2|2|2|2|2|2|2|2|2|2|2|2|2|2|2|2|2|2|2|2|2|2|2|2|2|2|2|2|2|2|2|2|2|2|2|2|2|2|2|
2|2|2|2|2|2|2|2|2|2|2|2|2|2|2|2|2|2|2|2|2|2|2|2|2|2|2|2|2|2|2|2|2|2|2|2|2|2|2|2|2|2|2|2|2|2|2|2|2|2|2|2|2|2|2|2|2|2|2|2|2|2|2|2|2|
2|2|2|2|2|2|2|2|1|1|1|1|1|2|2|2|2|2|2|2|2|2|2|2|2|2|2|2|2|2|2|2|2|2|2|2|2|2|2|2|2|2|2|2|2|2|2|2|2|2|2|2|2|2|2|2|2|2|2|2|2|2|2|2|2|
2|2|2|2|2|2|2|1|1|1|1|1|1|1|2|2|2|2|2|2|2|2|2|2|2|1|1|1|2|2|2|2|1|1|2|2|2|2|2|2|2|2|2|2|2|2|2|2|2|2|2|2|2|2|2|2|2|2|2|2|2|2|2|2|2|
2|2|2|2|2|2|1|1|1|1|1|1|1|1|1|2|2|2|2|2|2|2|2|1|1|1|1|1|1|2|2|1|1|1|1|2|2|2|2|2|2|2|2|2|2|2|2|2|2|2|2|2|2|2|2|2|2|2|2|2|2|2|2|2|2|
2|2|2|2|2|1|1|1|1|1|1|1|1|1|1|1|2|2|2|2|2|2|1|1|1|1|1|1|1|1|1|1|1|1|1|1|2|2|2|2|2|2|2|2|2|2|2|2|2|2|2|2|2|2|2|2|2|2|2|2|2|2|2|2|2|
2|2|2|2|1|1|1|1|1|1|1|1|1|1|1|1|1|2|2|2|2|2|1|1|1|1|1|1|1|1|1|1|1|1|1|1|1|2|2|2|2|2|2|2|2|2|2|2|2|2|2|2|2|2|2|2|2|2|2|2|2|2|2|2|2|
2|2|2|1|1|1|1|1|1|1|1|1|1|1|1|1|1|1|1|1|1|2|1|1|1|1|1|1|1|1|1|1|1|1|1|1|1|1|2|2|2|2|2|2|2|2|2|2|2|2|2|2|2|2|2|2|2|2|2|2|2|2|2|2|2|
2|2|2|1|1|1|1|1|1|1|1|1|1|1|1|1|1|1|1|1|1|1|1|1|1|1|1|1|1|1|2|2|2|1|1|1|1|1|1|2|2|2|2|2|2|2|2|2|2|2|2|2|2|2|2|2|2|2|2|2|2|2|2|2|2|
2|2|2|2|1|1|1|1|1|1|1|1|1|1|1|1|1|1|1|1|1|1|1|1|1|1|1|1|1|2|2|2|2|2|1|1|1|1|1|1|2|2|2|2|2|2|2|2|2|2|2|2|2|2|2|2|2|2|2|2|2|2|2|2|2|
2|2|2|2|1|1|1|1|1|1|1|1|1|1|1|1|1|1|1|1|1|1|1|1|1|1|1|1|2|2|2|2|2|2|2|1|1|1|1|1|1|2|2|2|2|2|2|2|2|2|2|2|2|2|2|2|2|2|2|2|2|2|2|2|2|
2|2|2|2|1|1|1|1|1|1|1|1|1|1|1|1|1|1|1|1|1|1|1|1|1|1|1|2|2|2|2|2|2|2|2|2|1|1|1|1|1|1|2|2|2|2|2|2|2|2|2|2|2|2|2|2|2|2|2|2|2|2|2|2|2|
2|2|2|2|2|1|1|1|1|1|1|1|1|1|1|1|1|1|1|1|1|1|1|1|1|1|2|2|2|2|2|2|2|2|2|2|1|1|1|1|1|1|1|2|2|2|2|2|2|2|2|2|2|2|2|2|2|2|2|2|2|2|2|2|2|
2|2|2|2|2|1|1|1|1|1|1|1|1|1|1|1|1|1|1|1|1|1|1|1|1|1|2|2|2|2|2|2|2|2|2|2|1|1|1|1|1|1|1|1|1|2|2|1|1|2|2|2|2|2|2|2|2|2|2|2|2|2|2|2|2|
2|2|2|2|2|2|1|1|1|1|1|1|1|1|1|1|1|1|1|1|1|1|1|1|1|1|2|2|2|2|2|2|2|2|2|2|1|1|1|1|1|1|1|1|13|1|1|1|1|1|2|2|2|2|2|2|2|2|2|2|2|2|2|2|2|
2|2|2|2|2|2|1|1|1|1|1|1|1|1|1|1|1|1|1|1|1|1|1|1|1|1|1|2|2|2|2|2|2|2|2|2|2|1|1|1|1|1|1|1|1|1|1|1|1|1|1|2|2|2|2|2|2|2|2|2|2|2|2|2|2|
2|2|2|2|2|1|1|1|1|1|1|1|1|1|1|1|1|1|1|1|1|1|1|1|1|1|1|1|2|2|2|2|2|2|2|2|2|1|1|1|1|1|1|1|1|1|1|1|1|1|1|1|2|2|2|2|2|2|2|2|2|2|2|2|2|
2|2|2|2|1|1|1|1|1|1|1|1|1|1|1|1|1|1|1|1|1|1|1|1|1|1|1|1|2|2|2|2|2|2|2|2|2|2|1|1|1|1|1|1|1|1|1|1|1|1|1|2|2|2|2|2|2|2|2|2|2|2|2|2|2|
2|2|2|2|1|1|1|1|1|1|1|1|1|1|1|1|1|1|1|1|1|1|1|1|1|1|1|1|2|2|2|2|2|2|2|2|2|2|2|1|1|1|1|1|1|1|1|1|2|2|2|2|2|2|2|2|2|2|2|2|2|2|2|2|2|
2|2|2|2|1|1|1|1|1|1|1|1|1|1|1|1|1|1|1|1|1|1|1|1|1|1|1|1|2|2|2|2|2|2|2|2|2|2|2|1|1|1|1|1|1|1|1|2|2|2|2|2|2|2|2|2|2|2|2|2|2|2|2|2|2|
2|2|2|2|2|1|1|1|1|1|1|1|1|1|1|1|1|1|1|1|1|1|1|1|1|1|1|1|2|2|2|2|2|2|2|2|2|2|1|1|1|1|1|1|1|1|1|2|2|2|2|2|2|2|2|2|2|2|2|2|2|2|2|2|2|
2|2|2|2|2|1|1|1|1|1|1|1|1|1|1|1|1|1|1|1|1|1|1|1|1|1|1|1|2|2|2|2|2|2|2|2|2|2|1|1|1|1|1|1|1|1|1|2|2|2|2|2|2|2|2|2|2|2|2|2|2|2|2|2|2|
2|2|2|2|2|1|1|1|1|1|1|1|1|1|1|1|1|1|1|1|1|1|1|1|1|1|1|1|2|2|2|2|2|2|2|2|2|1|1|1|1|1|1|1|1|1|1|1|2|2|2|2|2|2|2|2|2|2|2|2|2|2|2|2|2|
2|2|2|2|2|1|1|1|1|1|1|1|1|1|1|1|1|1|1|1|1|1|1|1|1|1|1|1|2|2|2|2|2|2|2|2|1|1|1|1|1|1|1|1|1|1|1|1|1|2|2|2|2|2|2|2|2|2|2|2|2|2|2|2|2|
2|2|2|2|2|1|1|1|1|1|1|1|1|1|1|1|1|1|1|1|1|1|1|1|1|1|1|1|2|2|2|2|2|2|2|1|1|1|1|1|1|1|1|1|1|1|1|1|1|1|2|2|2|2|2|2|2|2|2|2|2|2|2|2|2|
2|2|2|2|1|1|1|1|1|1|1|1|1|1|1|1|1|1|1|1|1|1|1|1|1|1|1|1|1|2|2|2|2|2|1|1|1|1|1|1|1|1|1|1|1|1|1|1|1|1|1|1|1|2|2|2|2|2|2|2|2|2|2|2|2|
2|2|2|2|1|1|1|1|1|1|1|1|1|1|1|1|1|1|1|1|1|1|1|1|1|1|1|1|1|1|2|2|2|1|1|1|1|1|1|1|1|1|1|1|1|1|1|1|1|1|1|1|1|1|1|2|2|2|2|2|2|2|2|2|2|
2|2|2|2|2|1|1|1|1|1|1|1|1|1|1|1|1|1|1|1|1|1|1|1|1|1|1|1|1|1|1|2|2|1|1|1|1|1|1|1|1|1|1|1|1|1|1|1|1|1|1|1|1|1|1|1|1|2|2|1|2|2|2|2|2|
2|2|2|2|2|2|1|1|1|1|1|1|1|1|1|1|1|1|1|1|1|1|1|1|1|1|1|1|1|1|1|2|2|2|1|1|1|1|1|1|1|1|1|1|1|1|1|1|1|1|1|1|1|1|1|1|1|1|1|1|1|2|2|2|2|
2|2|2|2|2|2|2|1|1|1|1|1|1|1|1|1|1|1|1|1|1|1|1|1|1|1|1|1|1|1|2|2|2|2|2|1|1|1|1|1|1|1|1|1|1|1|1|1|1|1|1|1|1|1|1|1|1|1|1|1|1|1|2|2|2|
2|2|2|2|2|2|2|2|1|1|1|1|1|1|1|1|1|1|1|1|1|1|1|1|1|1|1|1|1|2|2|2|2|2|2|1|1|1|1|1|1|1|1|1|1|1|1|1|1|1|1|1|1|1|1|1|1|1|1|1|1|1|2|2|2|
2|2|2|2|2|2|2|2|2|1|1|1|1|1|1|1|1|1|1|1|1|1|1|1|1|1|1|1|2|2|2|2|2|2|2|1|1|1|1|1|1|1|1|1|1|1|1|1|1|1|1|1|1|1|1|1|1|1|1|1|1|1|2|2|2|
2|2|2|2|2|2|2|2|2|2|1|1|1|1|1|1|1|1|1|1|1|1|1|1|1|1|1|2|2|2|2|2|2|2|2|2|1|1|1|1|1|1|1|1|1|1|1|1|1|1|1|1|1|1|1|1|1|1|1|1|1|1|2|2|2|
2|2|2|2|2|2|2|2|2|2|1|1|1|1|1|1|1|1|1|1|1|1|1|1|1|1|1|2|2|2|2|2|2|2|2|1|1|1|1|1|1|1|1|1|1|1|1|1|1|1|1|1|1|1|1|1|1|1|1|1|1|1|2|2|2|
2|2|2|2|2|2|2|2|2|2|1|1|1|1|1|1|1|1|1|1|1|1|1|1|1|1|1|1|2|2|2|2|2|2|1|1|1|1|1|1|1|1|1|1|1|1|1|1|1|1|1|1|1|1|1|1|1|1|1|1|1|1|2|2|2|
2|2|2|2|2|2|2|2|2|1|1|1|1|1|1|1|1|1|1|1|1|1|1|1|1|1|1|1|1|2|2|2|2|1|1|1|1|1|1|1|1|1|1|1|1|1|1|1|1|1|1|1|1|1|1|1|1|1|1|1|1|1|2|2|2|
2|2|2|2|2|2|2|2|2|1|1|1|1|1|1|1|1|1|1|1|1|1|1|1|1|1|1|1|1|1|2|2|1|1|1|1|1|1|1|1|1|1|1|1|1|1|1|1|1|1|1|1|1|1|1|1|1|1|1|1|1|1|2|2|2|
2|2|2|2|2|2|2|1|1|1|1|1|1|1|1|1|1|1|1|1|1|1|1|1|1|1|1|1|1|1|1|1|1|1|1|1|1|1|1|1|1|1|1|1|1|1|1|1|1|1|1|1|1|1|1|1|1|1|1|1|1|1|1|2|2|
2|2|2|2|2|2|1|1|1|1|1|1|1|1|1|1|1|1|1|1|1|1|1|1|1|1|1|1|1|1|1|1|1|1|1|1|1|1|1|1|1|1|1|1|1|1|1|1|1|1|1|1|1|1|1|1|1|1|1|1|1|1|1|2|2|
2|2|2|2|2|1|1|1|2|2|1|1|1|1|1|1|1|1|1|1|1|1|1|1|1|1|1|1|1|1|1|1|1|1|1|1|1|1|1|1|1|1|1|1|1|1|1|1|1|1|1|1|1|1|1|1|1|1|1|1|1|1|1|2|2|
2|2|2|2|1|1|1|2|2|2|2|1|1|1|1|1|1|1|2|2|1|1|1|1|1|1|1|1|1|1|1|1|1|1|1|1|1|1|1|1|1|1|1|1|1|1|1|1|1|1|1|1|1|1|1|1|1|1|1|1|1|1|1|2|2|
2|2|2|1|1|1|2|2|2|2|2|1|1|1|1|1|2|2|2|2|2|1|1|1|1|1|1|1|1|1|1|1|1|1|1|1|1|1|1|1|1|1|1|1|1|1|1|1|1|1|1|1|1|1|1|1|1|1|1|1|1|1|1|2|2|
2|2|2|1|1|2|2|2|2|2|2|1|1|1|1|2|2|2|2|2|2|2|1|1|1|1|1|1|1|1|1|1|1|1|1|1|1|1|1|1|1|1|1|1|1|1|1|1|1|1|1|1|1|1|1|1|1|1|1|1|1|1|2|2|2|
2|2|2|1|1|2|2|2|2|2|2|1|1|1|2|2|2|2|2|2|2|2|1|1|1|1|1|1|1|1|1|1|1|1|1|1|1|1|1|1|1|1|1|1|1|1|1|1|1|1|1|1|1|1|1|1|1|1|1|1|1|1|2|2|2|
2|2|2|1|1|2|2|2|2|2|2|1|1|1|2|2|2|2|2|2|2|2|1|1|1|1|1|1|1|1|1|1|1|1|1|1|1|1|1|1|1|1|1|1|1|1|1|1|1|1|1|1|1|1|1|1|1|1|1|1|1|1|2|2|2|
2|2|2|1|1|1|2|2|2|2|1|1|1|1|2|2|2|2|2|2|2|2|1|1|1|1|1|1|1|1|1|1|1|2|2|1|1|1|1|1|1|1|1|1|1|1|1|1|1|1|1|1|1|1|1|1|1|1|1|1|1|1|2|2|2|
2|2|2|1|1|1|2|2|2|2|1|1|1|1|1|2|2|2|2|2|2|2|1|1|1|1|1|1|1|1|1|1|2|2|2|2|1|1|1|1|1|1|1|1|1|1|1|1|1|1|1|1|1|1|1|1|1|1|1|1|1|1|2|2|2|
2|2|2|2|2|2|2|2|2|2|1|1|1|1|1|1|2|2|2|2|2|1|1|1|1|1|1|1|1|1|1|2|2|2|2|2|2|1|1|1|1|1|1|1|1|1|1|1|1|1|1|1|1|1|1|1|1|2|2|1|1|1|2|2|2|
2|2|2|2|2|2|2|2|2|1|1|1|1|1|1|1|1|2|2|2|1|1|1|1|1|1|1|1|1|1|2|2|2|2|2|2|2|2|1|1|1|1|1|1|1|1|1|1|1|1|1|1|1|1|1|1|2|2|2|2|1|1|2|2|2|
2|2|2|2|2|2|2|2|1|1|1|1|1|1|1|1|1|1|1|1|1|1|1|1|1|2|2|1|1|2|2|2|2|2|2|2|2|2|2|1|1|1|1|1|1|1|1|1|1|1|1|1|1|1|1|2|2|2|2|2|2|2|2|2|2|
2|2|2|2|2|2|2|2|1|1|1|1|1|1|1|1|1|1|1|1|2|2|2|2|2|2|2|2|2|2|2|2|2|2|2|2|2|2|2|2|1|1|1|1|1|1|1|1|1|1|1|1|1|1|1|2|2|2|2|2|2|2|2|2|2|
2|2|2|2|2|2|2|2|2|1|1|1|1|1|1|1|1|2|2|2|2|2|2|2|2|2|2|2|2|2|2|2|2|2|2|2|2|2|2|2|1|1|1|1|1|1|1|1|1|1|1|1|1|1|2|2|2|2|2|2|2|2|2|2|2|
2|2|2|2|2|2|2|2|2|2|2|2|2|2|2|2|2|2|2|2|2|2|2|2|2|2|2|2|2|2|2|2|2|2|2|2|2|2|2|2|2|1|1|2|2|2|1|1|1|1|1|1|2|2|2|2|2|2|2|2|2|2|2|2|2|
2|2|2|2|2|2|2|2|2|2|2|2|2|2|2|2|2|2|2|2|2|2|2|2|2|2|2|2|2|2|2|2|2|2|2|2|2|2|2|2|2|2|2|2|2|2|2|2|1|1|2|2|2|2|2|2|2|2|2|2|2|2|2|2|2|
2|2|2|2|2|2|2|2|2|2|2|2|2|2|2|2|2|2|2|2|2|2|2|2|2|2|2|2|2|2|2|2|2|2|2|2|2|2|2|2|2|2|2|2|2|2|2|2|2|2|2|2|2|2|2|2|2|2|2|2|2|2|2|2|2|
[Items]
7
Studded Leather Half-Greaves|0|3|0|0|0|0|0|0|0|0|26|22
Husky Dagger of Savagery|8|0|0|9|0|0|0|0|0|0|43|55
Magical Kris|15|0|3|0|0|0|0|0|0|0|29|18
Skilled Charon's Claw of the Sun|33|5|5|5|12|5|5|35|5|5|50|25
Perfect Tanto|9|0|0|0|0|0|0|20|0|0|38|14
Boiled Leather Helm of the Hippo|0|2|0|3|0|0|0|0|0|0|48|33
Chain Mail Half-Greaves of the Elephant|0|5|0|5|0|0|0|0|0|0|52|13
[Monsters]
6
Frost Giant|160|150|23|15|58|39
Timid Mouse|4|190|1|1|8|25
Raven|3|210|2|1|10|31
Rabid Raven|8|210|5|3|26|28
Rabid Crow|7|220|3|3|43|50
Rabid Crow|7|220|3|3|4|17
2
65 65
2|2|2|2|2|2|2|2|2|2|2|2|2|2|2|2|2|2|2|2|2|2|2|2|2|2|2|2|2|2|2|2|2|2|2|2|2|2|2|2|2|2|2|2|2|2|2|2|2|2|2|2|2|2|2|2|2|2|2|2|2|2|2|2|2|
2|2|2|2|2|2|2|2|2|2|2|2|2|2|2|2|2|2|2|2|2|2|2|2|2|2|2|2|2|2|2|2|2|2|2|2|2|2|2|2|2|2|2|2|2|2|2|2|2|2|2|2|2|2|2|2|2|2|2|2|2|2|2|2|2|
2|2|2|2|2|2|2|2|2|2|2|2|2|2|2|2|2|2|2|2|2|2|2|2|2|2|2|2|2|2|2|2|2|2|2|2|2|2|2|2|2|2|2|2|2|2|2|2|2|2|2|2|2|2|2|2|2|2|2|2|2|2|2|2|2|
2|2|2|2|2|2|2|2|2|2|2|2|2|2|2|2|2|2|2|2|2|2|2|2|2|2|2|2|2|2|2|2|2|2|2|2|2|2|2|2|2|2|2|2|2|2|2|2|2|2|2|2|2|2|2|2|2|2|2|2|2|2|2|2|2|
2|2|2|2|2|2|2|2|2|2|2|2|2|2|2|2|2|2|2|2|2|2|2|2|2|2|2|2|2|2|2|2|2|2|2|2|2|2|2|2|2|2|2|2|2|2|2|2|2|2|2|2|2|2|2|2|2|2|2|2|2|2|2|2|2|
2|2|2|2|2|2|2|2|2|2|2|2|2|2|2|2|2|2|2|2|2|2|2|2|2|2|2|2|2|2|2|2|2|2|2|2|2|2|2|2|2|2|2|2|2|2|2|2|2|2|2|2|2|2|2|2|2|2|2|2|2|2|2|2|2|
2|2|2|2|2|2|2|2|2|2|2|2|2|2|2|2|2|2|2|2|2|2|2|2|2|2|2|2|2|2|2|2|2|2|2|2|2|2|2|2|2|2|2|2|2|2|2|2|2|2|2|2|2|2|2|2|2|2|2|2|2|2|2|2|2|
2|2|2|2|2|2|2|2|2|2|2|2|2|2|2|2|2|2|2|2|2|2|2|2|2|2|2|2|2|2|2|2|2|2|2|2|2|2|2|2|2|2|2|2|2|2|2|2|2|2|2|2|2|2|2|2|2|2|2|1|2|2|2|2|2|
2|2|2|2|2|2|2|2|2|2|2|2|2|2|2|2|2|2|2|2|2|2|2|2|2|2|2|2|2|2|2|2|2|2|2|2|2|2|2|2|2|2|2|2|2|2|2|2|2|2|2|2|2|2|2|2|2|2|1|1|1|2|2|2|2|
2|2|2|2|2|2|2|2|2|2|2|2|2|2|2|2|2|2|2|2|2|2|2|2|2|2|2|2|2|2|2|2|2|2|2|2|2|2|2|2|2|2|2|2|2|2|2|2|2|2|2|2|2|2|2|2|2|2|1|1|1|2|2|2|2|
2|2|2|2|2|2|2|2|2|2|2|2|2|2|2|2|2|2|2|2|2|2|2|2|1|1|1|2|2|2|2|2|2|2|2|2|2|2|2|2|2|2|2|2|2|2|2|2|2|2|2|2|2|2|2|2|2|2|2|1|1|2|2|2|2|
2|2|2|2|2|2|2|2|2|2|2|2|2|2|2|2|2|2|2|2|2|2|2|1|1|1|1|1|1|1|1|2|2|2|2|2|2|2|2|2|2|2|2|2|2|2|2|2|2|2|2|2|2|2|2|2|2|2|2|1|1|2|2|2|2|
2|2|2|2|2|2|2|2|2|2|2|2|2|2|2|2|2|2|2|2|2|2|1|1|1|1|1|1|1|1|1|1|2|2|2|2|2|2|2|2|2|2|2|2|2|2|2|2|2|2|2|2|2|2|2|2|2|2|2|1|1|2|2|2|2|
2|2|2|2|2|2|2|2|2|2|2|2|2|2|2|2|2|2|2|2|2|2|1|1|1|1|1|1|1|1|1|1|1|2|2|2|2|2|2|2|2|2|2|2|2|2|2|2|2|2|2|2|2|2|2|2|2|2|2|1|1|2|2|2|2|
2|2|2|2|2|2|2|2|2|2|2|2|2|2|2|2|2|2|2|2|2|2|2|1|1|1|1|1|1|1|1|1|1|1|2|2|2|2|2|2|2|2|2|2|2|2|2|2|2|2|2|2|2|2|2|2|2|2|2|1|1|2|2|2|2|
2|2|2|2|2|2|2|2|2|2|2|2|1|1|1|2|2|2|2|2|2|2|2|2|1|1|1|1|1|1|1|1|1|1|2|2|2|2|2|2|2|2|2|2|2|2|2|2|2|2|2|2|2|2|2|2|2|2|1|1|1|1|2|2|2|
2|2|2|2|2|2|2|2|2|2|2|1|1|1|1|1|2|2|2|2|2|2|2|2|1|1|1|1|1|1|1|1|1|1|2|2|2|2|2|2|2|2|2|2|2|2|2|2|2|2|2|2|2|2|2|2|2|1|1|1|1|1|2|2|2|
2|2|2|2|2|2|2|2|2|2|1|1|1|1|1|1|1|2|2|2|2|2|2|2|1|1|1|1|1|1|1|1|1|2|2|2|2|2|2|2|2|2|2|2|2|2|2|2|2|2|2|2|2|2|2|2|1|1|1|1|1|1|2|2|2|
2|2|2|2|2|2|2|2|2|2|1|1|1|1|1|1|1|1|2|2|2|2|2|1|1|1|1|1|1|1|1|1|2|2|2|2|2|2|2|2|2|2|1|1|2|2|2|2|2|2|2|2|2|2|2|1|1|1|1|1|1|2|2|2|2|
2|2|2|2|2|2|2|2|2|2|1|1|1|1|1|1|1|1|2|2|2|2|2|1|1|1|1|1|1|1|2|2|2|2|2|2|2|2|2|2|2|2|1|1|1|2|2|2|2|2|2|2|2|2|1|1|1|1|1|1|1|2|2|2|2|
2|2|2|2|2|2|2|2|2|2|1|1|1|1|1|1|1|1|2|2|2|2|2|1|1|1|1|1|1|1|2|2|2|2|2|2|1|1|1|1|1|1|1|1|1|1|1|1|1|1|1|1|1|1|1|1|1|1|1|1|1|2|2|2|2|
2|2|2|2|2|2|2|2|2|2|1|1|1|1|1|1|1|2|2|2|2|2|1|1|1|1|1|1|1|1|1|2|2|2|2|1|1|1|1|1|1|1|1|1|1|1|1|1|1|1|1|1|1|1|1|1|1|1|1|1|1|1|2|2|2|
2|2|2|2|2|2|2|2|2|2|1|1|2|1|1|1|1|2|2|2|2|1|1|1|1|1|1|1|1|1|1|1|2|2|1|1|1|1|1|1|1|1|1|1|2|2|2|2|1|1|1|1|1|1|1|1|1|1|1|1|1|1|2|2|2|
2|2|2|2|2|2|2|2|2|1|1|1|1|1|1|1|1|1|2|2|1|1|1|1|1|1|1|1|1|1|1|1|1|1|1|1|1|1|1|1|1|1|1|2|2|2|2|2|2|1|1|1|1|1|1|1|1|1|1|1|1|2|2|2|2|
2|2|2|2|2|2|2|2|2|1|1|1|1|1|1|1|1|1|1|1|1|1|1|1|1|1|1|1|1|1|1|1|1|1|1|1|1|1|1|1|1|1|1|2|2|2|2|2|2|2|1|1|1|1|1|1|1|1|1|1|2|2|2|2|2|
2|2|2|2|2|2|2|2|2|1|1|1|1|1|1|1|1|1|1|1|1|1|1|1|1|1|1|1|1|1|1|1|1|1|1|1|1|1|1|1|1|1|1|1|2|2|2|2|2|2|2|1|1|1|1|1|1|1|1|1|2|2|2|2|2|
2|2|2|2|2|2|2|2|1|1|1|1|1|1|1|1|1|1|1|1|1|1|1|1|1|1|1|1|1|1|1|1|1|1|1|1|1|1|1|1|1|1|1|1|1|2|2|2|2|2|2|1|1|1|1|1|1|1|1|2|2|2|2|2|2|
2|2|2|2|2|2|2|1|1|1|1|1|1|1|1|1|1|1|2|2|2|2|2|1|1|1|1|1|1|1|1|1|1|1|1|1|1|1|1|1|1|1|1|1|1|1|2|2|2|2|2|2|1|1|1|1|1|1|1|2|2|2|2|2|2|
2|2|2|2|2|2|1|1|1|1|1|1|1|1|1|1|1|2|2|2|2|2|2|2|2|2|2|2|2|2|2|1|1|1|1|1|1|1|1|1|1|1|1|1|1|1|2|2|2|2|2|2|1|1|1|1|1|1|1|1|2|2|2|2|2|
2|2|2|2|2|2|1|1|1|1|1|1|1|1|1|1|2|2|2|2|2|2|2|2|2|2|2|2|2|2|2|2|1|1|1|1|2|2|2|1|1|1|1|1|1|1|1|2|2|2|2|2|1|1|1|1|1|1|1|1|1|2|2|2|2|
2|2|2|2|2|2|2|1|1|1|1|1|1|1|1|1|2|2|2|2|2|2|2|2|2|2|2|2|2|2|2|2|1|1|1|2|2|2|2|2|1|1|1|1|1|1|1|1|2|2|2|1|1|1|1|1|1|1|1|1|1|1|2|2|2|
2|2|2|2|2|2|2|1|1|1|1|1|1|1|1|1|2|2|2|2|2|2|2|2|2|2|2|2|2|2|2|1|1|1|2|2|2|2|2|2|2|1|1|1|1|1|1|1|1|2|1|1|1|1|1|1|1|1|1|1|1|1|2|2|2|
2|2|2|2|2|2|1|1|1|1|1|1|1|1|1|1|2|2|2|2|2|2|2|2|2|2|2|2|2|2|1|1|1|2|2|2|2|2|2|2|2|1|1|1|1|1|1|1|1|1|1|1|1|1|1|1|1|1|1|1|1|1|2|2|2|
2|2|2|2|2|1|1|1|1|1|1|1|1|1|1|1|1|2|2|2|2|2|2|2|2|2|2|2|2|2|1|1|1|2|2|2|2|2|2|2|2|2|1|1|1|1|1|1|1|1|1|1|1|1|1|1|1|1|1|1|1|2|2|2|2|
2|2|2|2|2|1|1|1|1|1|1|1|1|1|1|1|1|1|2|2|2|2|2|2|2|2|2|2|2|1|1|1|1|2|2|2|2|2|2|2|2|2|2|2|1|1|1|1|1|1|1|1|1|1|1|1|1|1|1|1|1|2|2|2|2|
2|2|2|2|2|2|1|1|1|1|1|1|1|1|1|1|1|1|1|1|1|1|2|2|2|2|2|2|1|1|1|1|1|2|2|2|2|2|2|2|2|2|2|2|2|1|1|1|1|1|1|1|1|1|1|1|1|1|1|1|1|2|2|2|2|
2|2|2|2|2|2|2|1|1|1|1|1|1|1|1|1|1|1|1|1|1|1|1|2|2|2|2|1|1|1|1|1|1|2|2|2|2|2|2|2|2|2|2|2|2|2|1|1|1|1|1|1|1|1|1|1|1|1|1|1|1|2|2|2|2|
2|2|2|2|2|2|2|1|1|1|1|1|1|1|1|1|1|1|1|1|1|1|1|1|1|1|1|1|1|1|1|1|1|2|2|2|2|2|2|2|2|2|2|2|2|2|2|1|1|1|1|1|1|1|1|1|1|1|1|1|2|2|2|2|2|
2|2|2|2|2|2|2|1|1|1|1|1|1|1|1|1|1|1|1|2|2|2|1|1|1|1|1|1|1|1|1|1|1|1|2|2|2|2|2|2|2|2|2|2|2|2|2|1|1|1|1|1|1|1|1|1|1|1|1|2|2|2|2|2|2|
2|2|2|2|2|2|2|1|1|1|1|1|1|1|1|1|1|1|2|2|2|2|2|1|1|1|1|1|1|1|1|1|1|1|1|2|2|2|2|2|2|2|2|2|2|2|1|1|1|1|1|1|1|1|1|1|1|1|2|2|2|2|2|2|2|
2|2|2|2|2|2|2|2|1|1|1|1|1|1|1|1|1|1|2|2|2|2|2|2|1|1|1|1|1|1|1|1|1|1|1|1|2|2|2|2|2|2|2|2|2|1|1|1|1|1|1|1|1|1|1|1|1|2|2|2|2|2|2|2|2|
2|2|2|2|2|2|2|2|1|1|1|1|1|1|1|1|1|2|2|2|2|2|2|2|1|1|1|1|1|1|1|1|1|1|1|1|1|2|2|2|2|2|2|2|1|1|1|1|1|1|1|1|1|1|1|1|1|2|2|2|2|2|2|2|2|
2|2|2|2|2|2|2|2|1|1|1|1|1|1|1|1|2|2|2|2|2|2|2|2|1|1|1|1|1|1|1|1|1|1|1|1|1|1|2|2|2|2|2|1|1|1|1|1|1|1|1|1|1|1|1|1|1|1|2|2|2|2|2|2|2|
2|2|2|2|2|2|2|2|2|1|1|1|1|1|1|1|2|2|2|2|2|2|2|2|1|1|1|1|1|1|1|1|1|1|1|1|1|1|1|2|2|2|1|1|1|1|1|1|1|1|1|1|1|1|1|1|1|1|1|2|2|2|2|2|2|
2|2|2|2|2|2|2|2|2|2|1|1|1|1|1|1|2|2|2|2|2|2|2|2|1|1|1|1|1|1|1|1|1|1|1|1|1|1|1|1|1|1|1|1|1|1|1|1|1|1|1|1|1|1|1|1|1|1|1|1|2|2|2|2|2|
2|2|2|2|2|2|2|2|2|2|2|2|1|1|1|1|1|2|2|2|2|2|2|1|1|1|1|1|1|1|1|1|1|1|1|1|1|1|1|1|1|1|1|1|1|1|1|1|1|1|1|1|1|1|1|1|1|1|1|1|1|2|2|2|2|
2|2|2|2|2|2|2|2|2|2|2|2|2|1|1|1|1|1|2|2|2|2|1|1|1|1|1|1|1|1|1|1|1|1|1|1|1|1|1|1|1|1|1|1|1|1|1|1|1|1|1|1|1|1|1|1|1|1|1|1|1|1|2|2|2|
2|2|2|2|2|2|2|2|2|2|2|2|2|2|2|2|2|1|1|1|2|1|1|1|1|1|1|1|1|1|1|1|1|1|1|1|2|2|1|1|1|1|1|1|1|1|1|1|1|1|1|1|1|1|1|1|1|1|1|1|1|1|2|2|2|
2|2|2|2|2|2|2|2|2|2|2|2|2|2|2|2|2|2|1|1|1|1|1|1|1|1|1|1|1|1|1|1|1|1|1|2|2|2|2|1|1|1|1|1|1|1|1|1|1|1|1|1|1|1|1|1|1|1|1|1|1|1|2|2|2|
2|2|2|1|1|2|2|2|2|2|2|2|2|2|2|2|2|2|1|1|1|1|1|1|1|1|1|1|1|1|1|1|1|1|1|2|2|2|2|1|1|1|1|1|1|1|1|1|1|1|1|1|1|1|1|1|1|1|1|1|1|2|2|2|2|
2|2|1|1|1|1|2|2|2|2|2|2|2|2|2|2|2|1|1|1|1|1|1|1|1|1|1|2|2|2|1|1|1|1|1|1|2|2|1|1|1|1|1|1|1|1|1|1|1|1|1|1|1|1|1|1|1|1|1|1|2|2|2|2|2|
2|2|1|1|1|1|1|1|1|1|2|2|2|2|2|2|2|1|1|1|1|1|1|1|1|1|2|2|2|2|2|1|1|1|1|1|1|1|1|1|1|1|1|1|1|1|1|1|1|1|1|1|1|1|1|1|1|1|1|1|2|2|2|2|2|
2|2|2|1|1|1|1|1|1|1|1|2|2|2|2|2|1|1|1|1|1|1|1|1|1|2|2|2|2|2|2|2|1|1|1|1|1|1|1|1|1|1|1|1|1|1|1|2|2|2|2|2|2|1|1|1|1|1|1|1|2|2|2|2|2|
2|2|2|2|1|1|1|1|1|1|1|1|2|2|2|1|1|1|1|1|1|1|1|1|2|2|2|2|2|2|2|2|2|1|1|1|1|1|1|1|1|1|1|1|1|1|2|2|2|2|2|2|2|2|1|1|1|1|1|1|2|2|2|2|2|
2|2|2|2|2|1|1|1|1|1|1|1|1|1|1|1|1|1|1|1|1|1|1|1|2|2|2|2|2|2|2|2|2|2|1|1|1|1|1|2|2|2|2|1|1|1|2|2|2|2|2|2|2|2|2|1|1|1|1|1|1|2|2|2|2|
2|2|2|2|2|2|2|1|1|1|1|1|1|1|1|1|1|1|1|1|1|1|1|1|1|2|2|2|2|2|2|2|2|2|2|1|1|2|2|2|2|2|2|2|1|1|2|2|2|2|2|2|2|2|2|2|1|1|1|1|1|1|2|2|2|
2|2|2|2|2|2|2|2|1|1|1|1|1|1|1|1|1|1|1|1|1|1|1|1|1|1|2|2|2|2|2|2|2|2|2|2|2|2|2|2|2|2|2|2|2|1|1|2|2|2|2|2|2|2|2|2|2|1|1|1|1|1|1|2|2|
2|2|2|2|2|2|2|2|2|1|1|1|1|1|1|1|1|1|1|1|13|1|1|1|1|1|1|2|2|2|2|2|2|2|2|2|2|2|2|2|2|2|2|2|2|1|1|2|2|2|2|2|2|2|2|2|2|1|1|1|1|1|1|2|2|
2|2|2|2|2|2|2|2|2|2|2|1|1|1|1|1|1|1|1|1|1|1|1|1|1|1|1|2|2|2|2|2|2|2|2|2|2|2|2|2|2|2|2|2|2|1|1|2|2|2|2|2|2|2|2|2|1|1|1|1|1|1|2|2|2|
2|2|2|2|2|2|2|2|2|2|2|2|1|1|1|1|1|1|1|1|1|1|1|1|1|1|2|2|2|2|2|2|2|2|2|2|2|2|2|2|2|2|2|2|1|1|1|2|2|2|2|2|2|2|2|2|2|1|1|1|1|2|2|2|2|
2|2|2|2|2|2|2|2|2|2|2|2|2|2|1|1|1|1|1|2|2|2|2|2|2|2|2|2|2|2|2|2|2|2|2|2|2|2|2|2|2|2|1|1|1|1|2|2|2|2|2|2|2|2|2|2|2|2|2|2|2|2|2|2|2|
2|2|2|2|2|2|2|2|2|2|2|2|2|2|2|2|2|2|2|2|2|2|2|2|2|2|2|2|2|2|2|2|2|2|2|2|2|2|2|2|2|2|2|1|1|2|2|2|2|2|2|2|2|2|2|2|2|2|2|2|2|2|2|2|2|
2|2|2|2|2|2|2|2|2|2|2|2|2|2|2|2|2|2|2|2|2|2|2|2|2|2|2|2|2|2|2|2|2|2|2|2|2|2|2|2|2|2|2|2|2|2|2|2|2|2|2|2|2|2|2|2|2|2|2|2|2|2|2|2|2|
2|2|2|2|2|2|2|2|2|2|2|2|2|2|2|2|2|2|2|2|2|2|2|2|2|2|2|2|2|2|2|2|2|2|2|2|2|2|2|2|2|2|2|2|2|2|2|2|2|2|2|2|2|2|2|2|2|2|2|2|2|2|2|2|2|
2|2|2|2|2|2|2|2|2|2|2|2|2|2|2|2|2|2|2|2|2|2|2|2|2|2|2|2|2|2|2|2|2|2|2|2|2|2|2|2|2|2|2|2|2|2|2|2|2|2|2|2|2|2|2|2|2|2|2|2|2|2|2|2|2|
[Items]
2
Giant Dagger of Savagery|8|0|0|0|0|15|0|0|0|0|44|46
Jagged Kris|18|0|0|0|0|0|0|0|0|0|53|9
[Monsters]
6
Green Dragon|240|200|40|17|8|41
Moblin|7|200|2|3|3|50
Rabid Crow|7|220|3|3|26|12
Rabid Troll|90|170|18|12|23|22
Giant Rat|19|180|4|6|46|49
Frost Giant|160|150|23|15|15|58
3
65 65
2|2|2|2|2|2|2|2|2|2|2|2|2|2|2|2|2|2|2|2|2|2|2|2|2|2|2|2|2|2|2|2|2|2|2|2|2|2|2|2|2|2|2|2|2|2|2|2|2|2|2|2|2|2|2|2|2|2|2|2|2|2|2|2|2|
2|2|2|2|2|2|2|2|2|2|2|2|2|2|2|2|2|2|2|2|2|2|2|2|2|2|2|2|2|2|2|2|2|2|2|2|2|2|2|2|2|2|2|2|2|2|2|2|2|2|2|2|2|2|2|2|2|2|2|2|2|2|2|2|2|
2|2|2|2|2|2|2|2|2|2|2|2|2|2|2|2|2|2|2|2|2|2|2|2|2|2|2|2|2|2|2|2|2|2|2|2|2|2|2|2|2|2|2|2|2|2|2|2|2|2|2|2|2|2|2|2|2|2|2|2|2|2|2|2|2|
2|2|2|2|2|2|2|2|2|2|2|2|2|2|2|2|2|2|2|1|1|2|2|2|2|2|2|2|2|2|2|2|2|2|2|2|2|2|2|2|2|2|2|2|2|2|2|2|2|2|2|2|2|2|2|2|2|2|2|2|2|2|2|2|2|
2|2|2|2|2|2|2|2|2|2|2|2|2|2|2|2|2|2|1|1|1|1|2|2|2|2|2|2|2|2|2|2|2|2|2|2|2|2|2|2|2|2|2|2|2|2|2|2|2|2|2|2|2|2|2|2|2|2|2|2|2|2|2|2|2|
2|2|2|2|2|2|2|2|2|2|2|2|2|2|2|2|2|1|1|1|1|1|1|2|2|2|2|2|2|2|2|2|2|2|2|2|2|2|2|2|2|2|2|2|2|2|2|2|2|2|2|2|2|2|2|2|2|2|2|2|2|2|2|2|2|
2|2|2|2|2|2|2|2|2|2|2|2|2|2|2|2|1|1|1|1|1|1|1|1|2|2|2|2|2|2|2|2|2|2|2|2|2|2|2|2|2|2|2|2|2|2|2|2|2|2|2|2|2|2|2|2|2|2|2|2|2|2|2|2|2|
2|2|2|2|2|2|2|2|2|2|2|2|2|2|2|2|1|1|1|1|1|1|1|1|1|2|2|2|2|2|2|2|2|2|2|2|2|2|2|2|2|2|2|2|2|2|2|2|2|2|2|2|2|2|2|2|2|2|2|2|2|2|2|2|2|
2|2|2|2|2|2|2|2|2|2|2|2|2|2|2|1|1|1|1|1|1|1|1|1|1|1|2|2|2|2|2|2|2|2|2|2|2|2|2|2|2|2|2|2|2|2|2|2|2|2|2|2|2|2|2|2|2|2|2|2|2|2|2|2|2|
2|2|2|2|2|2|2|2|2|2|2|2|2|2|1|1|1|1|1|1|1|1|1|1|1|1|1|2|2|2|2|2|2|2|2|2|2|2|2|2|2|2|2|2|2|2|2|2|2|2|2|2|2|2|2|2|2|2|2|2|2|2|2|2|2|
2|2|2|2|2|2|2|2|2|2|2|2|2|2|1|1|1|1|1|1|1|1|1|1|1|1|1|1|2|2|2|2|2|2|1|1|2|2|2|2|2|2|2|2|2|2|2|2|2|2|2|2|2|2|2|2|2|2|2|2|2|2|2|2|2|
2|2|2|2|2|2|2|2|2|2|2|2|2|1|1|1|1|1|1|1|1|1|1|1|1|1|1|1|1|2|2|1|1|1|1|1|1|1|2|2|2|2|2|2|2|2|2|2|2|2|2|2|2|2|2|2|2|2|2|2|2|2|2|2|2|
2|2|2|2|2|2|2|2|2|2|2|2|1|1|1|1|1|1|1|1|1|1|1|1|1|1|1|13|1|1|1|1|1|2|2|1|1|1|1|2|2|2|2|2|2|2|2|2|2|2|2|2|2|2|2|2|2|2|2|2|2|2|2|2|2|
2|2|2|2|2|2|2|2|2|2|2|1|1|1|1|1|1|1|1|1|1|1|1|1|1|1|1|1|1|1|1|1|2|2|2|2|1|1|1|1|2|2|2|1|2|2|2|2|2|2|2|2|2|2|2|2|2|2|2|2|2|2|2|2|2|
2|2|2|2|2|2|2|2|2|2|2|1|1|1|1|1|1|1|1|1|1|1|1|1|1|1|1|1|1|1|1|1|2|2|2|2|1|1|1|1|1|1|1|1|2|2|2|2|2|2|2|2|2|2|2|2|2|2|2|2|2|2|2|2|2|
2|2|2|2|2|2|2|2|2|2|2|1|1|1|1|1|1|1|1|1|1|1|1|1|1|1|1|1|1|1|1|1|1|2|2|1|1|1|1|1|1|1|1|2|2|2|2|2|2|2|2|2|2|2|2|2|2|2|2|2|2|2|2|2|2|
2|2|2|2|2|2|2|2|2|2|1|1|1|1|1|1|1|1|1|1|1|1|1|1|1|1|1|1|1|1|1|1|1|1|1|1|1|1|1|1|1|1|2|2|2|2|2|2|2|2|2|2|2|2|2|2|2|2|2|2|2|2|2|2|2|
2|2|2|2|2|2|2|2|2|1|1|1|2|2|2|2|1|1|1|1|1|1|1|1|1|1|1|1|1|1|1|1|1|1|1|1|1|1|1|1|1|2|2|2|2|2|2|2|2|2|2|2|2|2|2|2|2|2|2|2|2|2|2|2|2|
2|2|2|2|2|2|2|2|2|1|1|2|2|2|2|2|2|1|1|1|1|1|1|1|1|1|1|1|1|1|1|1|1|1|1|1|1|1|1|1|1|2|2|2|2|2|2|2|2|2|2|2|2|2|2|2|2|2|2|2|2|2|2|2|2|
2|2|2|2|2|2|2|2|2|1|1|2|2|2|2|2|2|2|1|1|1|1|1|1|1|1|1|1|1|1|1|1|1|1|1|1|1|1|1|1|1|1|2|2|2|2|2|2|2|2|2|2|2|2|2|2|2|2|2|2|2|2|2|2|2|
2|2|2|2|2|2|2|2|2|1|1|2|2|2|2|2|2|2|2|1|1|1|1|1|1|1|1|1|1|1|1|1|1|1|1|1|1|2|2|1|1|1|1|2|2|2|2|2|2|2|2|2|2|2|2|2|2|2|2|2|2|2|2|2|2|
2|2|2|2|2|2|2|2|2|1|1|2|2|2|2|2|2|2|2|1|1|1|1|1|1|1|1|1|1|1|1|1|1|1|1|1|2|2|2|2|1|1|1|1|2|2|2|2|2|2|2|2|2|2|2|2|2|2|2|2|2|2|2|2|2|
2|2|2|2|2|2|2|2|2|2|2|2|2|2|2|2|2|2|2|2|1|1|1|1|1|1|1|1|1|1|1|1|1|1|1|1|2|2|2|2|2|1|1|1|1|2|2|2|2|2|2|2|2|2|2|2|2|2|2|2|2|2|2|2|2|
2|2|2|2|2|2|2|2|2|2|2|2|2|2|2|2|2|2|2|2|1|1|1|1|1|1|1|1|1|1|1|1|1|1|1|1|2|2|2|2|2|2|1|1|1|1|2|2|2|2|2|2|2|2|2|2|2|2|2|2|2|2|2|2|2|
2|2|2|2|2|2|2|2|2|2|2|2|2|2|2|2|2|2|2|2|2|1|1|1|1|1|1|1|1|1|1|1|1|1|1|1|1|2|2|2|2|2|2|1|1|1|1|1|2|2|2|2|2|2|2|2|2|2|2|2|2|2|2|2|2|
2|2|2|2|2|2|2|2|2|2|2|2|2|2|2|2|2|2|2|2|2|1|1|1|1|1|1|1|1|1|1|1|1|1|1|1|1|1|2|2|2|2|2|1|1|1|1|1|1|2|2|2|2|2|2|2|2|2|2|2|2|2|2|2|2|
2|2|2|2|2|2|2|2|2|2|2|2|2|2|2|2|2|2|2|2|1|1|1|1|1|1|1|1|1|1|1|1|1|1|1|1|1|1|1|2|2|2|2|1|1|1|1|1|1|1|2|2|2|2|2|2|2|2|2|2|2|2|2|2|2|
2|2|2|2|2|2|2|2|2|2|2|2|2|2|2|2|2|2|2|2|1|1|1|1|1|1|1|1|1|1|1|1|1|1|1|2|2|1|1|1|2|2|1|1|1|1|1|1|1|1|1|2|2|2|2|2|2|2|2|2|2|2|2|2|2|
2|2|2|2|2|2|2|2|2|2|2|2|2|2|2|2|2|2|2|2|1|1|1|1|1|1|1|1|1|1|1|1|1|1|2|2|2|2|1|1|1|1|1|1|1|1|1|1|1|1|1|2|2|2|2|2|2|2|2|2|2|2|2|2|2|
2|2|2|2|2|2|2|2|2|2|2|2|2|2|2|2|2|2|2|2|1|1|1|1|1|1|1|1|1|1|1|1|1|2|2|2|2|2|2|1|1|1|1|1|1|1|1|1|1|1|1|2|2|2|2|2|2|2|2|2|2|2|2|2|2|
2|2|2|2|2|2|2|2|2|2|2|2|2|2|2|2|2|2|2|1|1|1|1|1|1|1|1|1|1|1|1|1|1|2|2|2|2|2|2|2|1|1|1|1|1|1|1|1|1|1|1|2|2|2|2|2|2|2|2|2|2|2|2|2|2|
2|2|2|2|2|2|2|2|2|2|2|2|2|2|2|1|1|1|1|1|1|1|1|1|1|1|1|1|1|1|1|1|1|2|2|2|2|2|2|2|2|1|1|1|1|1|1|1|1|1|1|1|2|2|2|2|2|2|2|2|2|2|2|2|2|
2|2|2|2|2|2|2|2|2|2|2|2|2|2|1|1|1|1|1|1|1|1|1|1|1|1|1|1|1|1|1|1|1|1|2|2|2|2|2|2|2|1|1|1|1|1|1|1|1|1|1|1|2|2|2|2|2|2|2|2|2|2|2|2|2|
2|2|2|2|2|2|2|2|2|2|2|2|2|2|1|1|1|1|1|1|1|1|1|1|1|1|1|1|1|1|1|1|1|1|2|2|2|2|2|2|2|1|1|1|1|1|1|1|1|1|1|1|2|2|2|2|2|2|2|2|2|2|2|2|2|
2|2|2|2|2|2|2|2|2|2|2|2|2|2|1|1|1|1|1|1|1|1|1|1|1|1|1|1|1|1|1|1|1|1|1|2|2|2|2|2|2|1|1|1|1|1|1|1|1|1|1|1|1|2|2|2|2|2|2|2|2|2|2|2|2|
2|2|2|2|2|2|2|2|2|2|2|2|2|2|1|1|1|1|1|1|1|1|1|1|1|1|1|1|1|1|1|1|1|1|1|2|2|2|2|2|2|1|1|1|1|1|1|1|1|1|1|1|1|1|2|2|2|2|2|2|2|2|2|2|2|
2|2|2|2|2|2|2|2|2|2|2|2|2|2|1|1|1|1|1|1|1|1|1|1|1|1|1|1|1|1|1|1|1|1|1|2|2|2|2|2|2|1|1|1|1|1|1|1|1|1|1|1|1|1|2|2|2|2|2|2|2|2|2|2|2|
2|2|2|2|2|2|2|2|2|2|2|2|2|2|1|1|1|1|1|1|1|1|1|1|1|1|1|1|1|1|1|1|1|1|1|1|2|2|2|2|2|1|1|1|1|1|1|1|1|1|1|1|1|1|2|2|2|2|2|2|2|2|2|2|2|
2|2|2|2|2|2|2|2|2|2|2|2|2|2|1|1|1|1|1|1|1|1|1|1|1|1|1|1|1|1|1|1|1|1|1|1|1|2|2|2|2|1|1|1|1|1|1|1|1|1|1|1|1|1|2|2|2|2|2|2|2|2|2|2|2|
2|2|2|2|2|2|2|2|2|2|2|2|2|1|1|1|1|1|1|1|1|1|1|1|1|1|1|1|1|1|1|1|1|1|1|1|1|1|2|2|1|1|1|1|1|1|1|1|1|1|1|1|1|1|2|2|2|2|2|2|2|2|2|2|2|
2|2|2|2|2|2|2|2|2|2|2|2|2|1|1|1|1|1|1|1|1|1|1|1|1|1|1|1|2|2|2|1|1|1|1|1|1|2|2|2|1|1|1|1|1|1|1|1|1|1|1|1|1|1|2|2|2|2|2|2|2|2|2|2|2|
2|2|2|2|2|2|2|2|2|2|2|2|1|1|1|1|1|1|1|1|1|1|1|1|1|1|1|2|2|2|2|2|1|1|1|1|1|2|2|2|2|1|1|1|1|1|1|2|2|1|1|1|1|1|1|2|2|2|2|2|2|2|2|2|2|
2|2|2|2|2|2|2|2|2|2|2|2|1|1|1|1|1|1|1|1|1|1|1|1|1|1|2|2|2|2|2|2|1|1|1|1|1|2|2|2|2|2|1|1|1|1|2|2|2|2|1|1|1|1|1|1|2|2|2|2|2|2|2|2|2|
2|2|2|2|2|2|2|2|2|2|2|2|2|2|2|1|1|1|1|1|1|1|1|1|1|2|2|2|2|2|2|2|2|1|1|1|1|2|2|2|2|2|1|1|1|2|2|2|2|2|2|1|1|1|1|1|1|2|2|2|2|2|2|2|2|
2|2|2|2|2|2|2|2|2|2|2|2|2|2|2|1|1|1|1|1|1|1|1|1|2|2|2|2|2|2|2|2|2|2|1|1|1|2|2|2|2|1|1|1|1|2|2|2|2|2|2|2|1|1|1|1|1|1|2|2|2|2|2|2|2|
2|2|2|2|2|2|2|2|2|2|2|2|2|2|2|1|1|1|1|1|1|1|1|2|2|2|2|2|2|2|2|2|2|2|2|1|1|1|2|2|2|1|1|1|1|2|2|2|2|2|2|2|2|2|1|1|1|1|1|2|2|2|2|2|2|
2|2|2|2|2|2|2|2|2|2|2|2|2|2|2|1|1|1|1|1|1|1|1|2|2|2|2|2|2|2|2|2|2|2|2|2|1|1|1|1|1|1|1|1|1|1|2|2|2|2|2|2|2|2|2|1|1|1|1|1|2|2|2|2|2|
2|2|2|2|2|2|2|2|2|2|2|2|2|2|1|1|1|1|1|1|1|1|1|1|2|2|2|2|2|2|2|2|2|2|2|2|2|1|1|1|1|1|1|1|1|1|1|2|2|2|2|2|2|2|2|1|1|1|1|1|1|2|2|2|2|
2|2|2|2|2|2|2|2|2|2|2|2|2|1|1|1|1|1|1|1|1|1|1|1|1|2|2|2|2|2|2|2|2|2|2|2|2|2|1|1|1|1|1|1|1|1|1|1|2|2|2|2|2|2|1|1|1|1|1|1|1|2|2|2|2|
2|2|2|2|2|2|2|2|2|2|2|2|2|1|1|1|1|1|1|1|1|1|1|1|1|1|2|2|2|2|2|2|2|2|2|2|2|2|2|1|1|1|1|1|1|1|1|1|1|2|2|2|2|2|1|1|1|1|1|1|1|2|2|2|2|
2|2|2|2|2|2|2|2|2|2|2|2|2|2|1|1|1|1|1|1|1|1|1|1|1|1|1|1|2|2|2|2|2|2|2|2|2|2|2|2|1|1|1|1|1|1|1|1|1|1|2|2|2|2|2|1|1|1|1|1|1|2|2|2|2|
2|2|2|2|2|2|2|2|2|2|2|2|2|2|1|1|1|1|1|1|1|1|1|1|1|1|1|1|1|2|2|2|2|2|2|2|2|2|2|2|2|1|1|1|1|1|1|1|1|1|2|2|2|2|2|1|1|1|1|1|1|2|2|2|2|
2|2|2|2|2|2|2|2|2|2|2|2|2|2|2|1|1|1|1|1|1|1|1|1|1|1|1|1|1|1|2|2|2|2|2|2|2|2|2|2|2|1|1|1|1|1|1|1|1|1|2|2|2|2|2|1|1|1|1|1|1|2|2|2|2|
2|2|2|2|2|2|2|2|2|2|2|2|2|2|2|1|1|1|1|1|1|1|1|1|1|1|1|1|1|1|1|1|1|1|1|1|2|2|2|2|2|2|1|1|1|1|1|1|1|2|2|2|2|2|2|1|1|1|1|1|1|2|2|2|2|
2|2|2|2|2|2|2|2|2|2|2|2|2|2|2|1|1|1|1|1|1|1|1|1|1|1|1|1|1|1|1|1|1|1|1|1|2|2|2|2|2|2|1|1|1|1|1|1|1|2|2|2|2|2|2|1|1|1|1|1|1|2|2|2|2|
2|2|2|2|2|2|2|2|2|2|2|2|2|2|2|2|1|1|1|1|1|1|1|1|1|1|1|1|1|1|1|1|1|1|1|1|2|2|2|2|2|1|1|1|1|1|1|1|1|1|2|2|2|2|2|1|1|1|1|1|1|1|2|2|2|
2|2|2|2|2|2|2|2|2|2|2|2|2|2|2|2|2|1|1|1|1|1|1|1|1|1|1|1|1|1|1|1|1|1|1|1|1|2|2|2|2|1|1|1|1|1|1|1|1|1|1|2|2|2|2|1|1|1|1|1|1|1|1|2|2|
2|2|2|2|2|2|2|2|2|2|2|2|2|2|2|2|2|2|1|1|1|1|1|1|1|1|1|1|1|1|1|1|1|1|1|1|1|1|2|2|2|1|1|1|1|1|1|1|1|1|1|1|2|2|1|1|1|1|1|1|1|1|1|2|2|
2|2|2|2|2|2|2|2|2|2|2|2|2|2|2|2|2|2|2|1|1|1|1|1|1|1|1|1|1|1|1|1|1|1|1|1|1|1|2|2|2|1|1|1|1|1|1|1|1|1|1|1|1|1|1|1|1|1|1|1|1|1|1|2|2|
2|2|2|2|2|2|2|2|2|2|2|2|2|2|2|2|2|2|2|2|2|2|2|2|2|2|2|1|1|1|1|1|1|1|1|1|1|1|2|2|2|2|1|1|1|1|1|1|1|1|1|1|1|1|1|1|1|2|2|1|1|1|2|2|2|
2|2|2|2|2|2|2|2|2|2|2|2|2|2|2|2|2|2|2|2|2|2|2|2|2|2|2|2|1|1|1|1|1|1|1|1|1|1|2|2|2|2|2|2|1|1|1|2|2|2|1|1|1|1|2|2|2|2|2|2|2|2|2|2|2|
2|2|2|2|2|2|2|2|2|2|2|2|2|2|2|2|2|2|2|2|2|2|2|2|2|2|2|2|2|1|1|1|1|1|1|1|1|2|2|2|2|2|2|2|2|2|2|2|2|2|2|1|1|2|2|2|2|2|2|2|2|2|2|2|2|
2|2|2|2|2|2|2|2|2|2|2|2|2|2|2|2|2|2|2|2|2|2|2|2|2|2|2|2|2|2|2|2|2|1|1|1|2|2|2|2|2|2|2|2|2|2|2|2|2|2|2|2|2|2|2|2|2|2|2|2|2|2|2|2|2|
2|2|2|2|2|2|2|2|2|2|2|2|2|2|2|2|2|2|2|2|2|2|2|2|2|2|2|2|2|2|2|2|2|2|2|2|2|2|2|2|2|2|2|2|2|2|2|2|2|2|2|2|2|2|2|2|2|2|2|2|2|2|2|2|2|
2|2|2|2|2|2|2|2|2|2|2|2|2|2|2|2|2|2|2|2|2|2|2|2|2|2|2|2|2|2|2|2|2|2|2|2|2|2|2|2|2|2|2|2|2|2|2|2|2|2|2|2|2|2|2|2|2|2|2|2|2|2|2|2|2|
[Items]
7
Tough Studded Leather Gauntlets of Defense|0|12|0|0|0|0|15|0|0|0|54|43
Strong Studded Leather Half-Greaves of Energy|0|3|0|0|3|3|0|0|0|0|19|18
Relentless Dagger of Parapsychology|12|0|20|0|0|0|0|0|0|0|60|36
Hardy Baselard of Cruelty|26|0|0|0|0|0|9|0|0|0|12|20
Relentless Scimitar of Energy|32|0|0|0|3|0|0|-4|0|0|58|30
Splint Mail Half-Greaves|0|7|0|0|0|0|0|0|0|0|38|25
Studded Leather Half-Greaves|0|3|0|0|0|0|0|0|0|0|32|24
[Monsters]
6
Timid Mouse|4|190|1|1|9|19
Frost Giant|160|150|23|15|59|55
Moblin|7|200|2|3|59|49
Mountain Giant|160|150|23|15|30|18
Giant Crow|14|200|5|5|45|23
Mouse|6|190|2|1|26|53
4
65 65
2|2|2|2|2|2|2|2|2|2|2|2|2|2|2|2|2|2|2|2|2|2|2|2|2|2|2|2|2|2|2|2|2|2|2|2|2|2|2|2|2|2|2|2|2|2|2|2|2|2|2|2|2|2|2|2|2|2|2|2|2|2|2|2|2|
2|2|2|2|2|2|2|2|2|2|2|2|2|2|2|2|2|2|2|2|2|2|2|2|2|2|2|2|2|2|2|2|2|2|2|2|2|2|2|2|2|2|2|2|2|2|2|2|2|2|2|2|2|2|2|2|2|2|2|2|2|2|2|2|2|
2|2|2|2|2|2|2|2|2|2|2|2|2|2|2|2|2|2|2|2|2|2|2|2|2|2|2|2|2|2|2|2|2|2|2|2|2|2|2|2|2|2|2|2|2|2|2|2|2|2|2|2|2|2|2|2|2|2|2|2|2|2|2|2|2|
2|2|2|2|2|2|2|2|2|2|2|2|2|2|2|2|2|2|2|2|2|2|2|2|2|2|2|2|2|2|2|2|2|2|2|2|2|2|2|2|2|2|2|2|2|2|2|2|2|2|2|2|2|2|2|2|2|2|2|2|2|2|2|2|2|
2|2|2|2|2|2|2|2|2|2|2|2|2|2|2|2|2|2|2|2|2|2|2|2|2|2|2|2|2|2|2|2|2|2|2|2|2|1|1|2|2|2|2|2|2|2|2|2|2|2|2|2|2|2|2|2|2|2|2|2|2|2|2|2|2|
2|2|2|2|2|2|2|2|2|2|2|2|2|2|2|2|2|2|2|2|2|2|2|2|2|2|2|2|2|2|2|2|2|2|2|2|2|1|1|1|2|2|2|2|2|2|2|2|2|2|2|2|2|2|2|2|2|2|2|2|2|2|2|2|2|
2|2|2|2|2|2|2|2|2|2|2|2|2|2|2|2|2|2|2|2|2|2|2|2|2|2|2|2|2|2|2|2|2|2|2|2|2|1|1|1|1|1|2|2|2|2|2|2|2|2|2|2|2|2|2|2|2|2|2|2|2|2|2|2|2|
2|2|2|2|2|2|2|2|2|2|2|2|2|2|2|2|2|2|2|2|2|2|2|2|2|2|2|2|2|2|2|2|2|2|2|2|2|1|1|1|1|1|1|1|1|2|2|2|2|2|2|2|2|2|2|2|2|2|2|2|2|2|2|2|2|
2|2|2|2|2|2|2|2|2|2|2|2|2|2|2|2|2|2|2|2|2|2|2|2|2|2|2|2|2|2|2|2|2|2|2|2|1|1|1|1|1|1|1|1|1|1|2|2|2|2|2|2|2|2|2|2|2|2|2|2|2|2|2|2|2|
2|2|2|2|2|2|2|2|2|2|2|2|2|2|2|2|2|2|2|2|2|2|2|2|2|2|2|2|2|2|2|2|2|2|2|2|1|1|1|1|1|1|1|1|1|1|1|2|2|2|2|2|2|2|2|2|2|2|2|2|2|2|2|2|2|
2|2|2|2|2|2|2|2|2|2|2|2|2|2|2|2|2|2|2|2|2|2|2|2|2|2|2|2|2|2|2|2|2|2|2|2|2|1|1|1|1|1|1|1|1|1|1|1|1|2|2|2|2|2|2|2|2|2|2|2|2|2|2|2|2|
2|2|2|2|2|2|2|2|1|1|2|2|2|2|2|2|2|2|2|2|2|2|2|2|2|2|2|2|2|2|2|2|2|1|1|2|1|1|1|1|1|1|1|1|1|1|1|1|1|1|1|2|2|2|1|1|2|2|2|2|2|2|2|2|2|
2|2|2|2|2|2|2|1|1|1|1|2|2|2|2|2|2|2|2|2|2|2|2|2|2|2|1|1|1|1|1|1|1|1|1|1|1|1|1|1|1|1|1|1|1|1|1|1|1|1|1|1|1|1|1|1|1|2|2|2|2|2|2|2|2|
2|2|2|2|2|2|1|1|1|1|1|1|2|2|2|2|2|2|2|2|2|2|2|2|2|2|2|1|1|1|1|1|1|1|1|1|1|1|1|1|1|1|1|1|1|1|1|1|1|1|1|1|1|1|1|1|1|1|2|2|2|2|2|2|2|
2|2|2|2|2|1|1|1|1|1|1|1|1|2|2|2|2|2|2|2|2|2|2|1|1|2|2|2|1|1|1|1|1|1|1|1|1|1|1|1|1|1|1|1|1|1|1|1|1|1|1|1|1|1|1|1|1|1|1|2|2|2|2|2|2|
2|2|2|2|2|1|1|1|1|1|1|1|1|1|2|2|2|2|2|2|2|2|1|1|1|1|2|2|2|1|1|1|1|1|1|1|1|1|1|1|1|1|1|1|1|1|1|1|1|1|1|1|1|1|1|1|1|1|1|1|2|2|2|2|2|
2|2|2|2|2|2|1|1|1|1|1|1|1|1|1|2|2|2|2|2|2|1|1|1|1|1|2|2|2|1|1|1|1|1|1|1|1|1|1|1|1|1|1|1|1|1|1|1|1|1|1|1|1|1|1|1|1|1|1|1|1|2|2|2|2|
2|2|2|2|2|2|1|1|1|1|1|1|1|1|1|2|2|2|2|2|1|1|1|1|1|1|2|2|2|1|1|1|1|1|1|1|1|1|1|1|1|1|1|1|1|1|1|1|1|1|1|1|1|1|1|1|1|1|1|1|1|1|2|2|2|
2|2|2|2|2|2|1|1|1|1|1|1|1|1|2|2|2|2|2|2|1|1|1|1|1|1|2|2|1|1|1|1|1|1|1|1|1|1|1|1|1|1|1|1|1|1|1|1|1|1|1|1|1|1|1|1|2|2|1|1|1|1|2|2|2|
2|2|2|2|2|2|2|1|1|1|1|1|1|1|2|2|2|2|2|2|1|1|1|1|1|1|1|1|1|1|1|1|1|1|1|1|1|1|1|1|1|1|1|1|1|1|1|1|1|1|1|1|1|1|1|2|2|2|2|2|2|2|2|2|2|
2|2|2|2|2|2|2|2|1|1|1|1|1|1|2|2|2|2|2|2|1|1|1|1|1|1|1|1|1|1|1|1|1|1|1|1|1|1|1|1|1|1|1|1|1|1|1|1|1|1|1|1|1|1|1|2|2|2|2|2|2|2|2|2|2|
2|2|2|2|2|2|2|2|1|1|1|1|1|1|1|2|2|2|2|2|1|1|1|1|1|1|1|1|1|1|1|1|1|1|1|1|1|1|1|1|1|1|1|1|1|1|1|1|1|1|1|1|1|1|1|2|2|2|2|2|2|2|2|2|2|
2|2|2|2|2|2|2|2|1|1|1|1|1|1|1|1|2|2|2|1|1|1|1|1|1|1|1|1|1|1|1|1|1|1|1|1|1|1|1|1|1|1|1|1|1|1|1|1|1|1|1|1|1|1|1|2|2|2|2|2|2|2|2|2|2|
2|2|2|2|2|2|2|2|1|1|1|1|1|1|1|1|1|1|1|1|1|1|1|1|1|1|1|1|1|1|1|1|1|1|1|1|1|1|1|1|1|1|1|1|1|1|1|1|1|1|1|1|1|1|1|1|2|2|2|2|2|2|2|2|2|
2|2|2|2|2|2|2|2|1|1|1|1|1|1|1|1|1|1|1|1|1|1|1|1|1|1|1|1|1|1|1|1|1|1|1|1|1|1|1|1|1|1|1|1|1|1|1|1|1|1|1|1|1|1|1|1|2|2|2|2|2|2|2|2|2|
2|2|2|2|2|2|2|1|1|1|1|1|1|1|1|1|1|1|1|1|1|1|1|1|1|1|1|1|1|1|1|1|1|1|1|1|1|1|1|1|1|1|1|1|1|1|1|1|1|1|1|1|1|1|1|1|1|2|2|2|2|2|2|2|2|
2|2|2|2|2|2|1|1|1|1|1|1|1|1|1|1|1|1|1|1|1|1|1|1|1|1|1|1|1|1|1|1|1|1|1|1|1|1|1|1|1|1|1|1|1|1|1|1|1|1|1|1|1|1|1|1|1|1|2|2|2|2|2|2|2|
2|2|2|2|2|2|1|1|1|1|1|1|1|1|1|1|1|1|1|1|1|1|1|1|1|1|1|1|1|1|1|1|1|1|1|1|1|1|1|1|1|1|1|1|1|1|1|1|1|1|1|1|1|1|1|1|1|1|1|2|2|2|2|2|2|
2|2|2|2|2|2|2|1|1|1|1|1|1|1|1|1|1|1|1|1|1|1|1|1|1|1|1|1|1|1|1|1|1|1|1|1|1|1|1|1|1|1|1|1|1|1|1|1|1|1|1|1|1|1|1|1|1|1|1|1|2|2|2|2|2|
2|2|2|2|2|2|2|1|1|1|1|1|1|1|1|1|1|1|1|1|1|1|1|1|1|1|1|1|1|1|1|1|1|1|1|1|1|1|1|13|1|1|1|1|1|1|1|1|1|1|1|1|1|1|1|1|1|1|1|1|1|2|2|2|2|
2|2|2|2|2|2|2|1|1|1|1|1|1|1|1|1|1|1|1|1|1|1|1|1|1|1|1|1|1|1|1|1|1|1|1|1|1|1|1|1|1|1|1|2|1|1|1|1|1|1|1|1|1|1|1|1|1|1|1|1|1|2|2|2|2|
2|2|2|2|2|2|1|1|1|1|1|1|1|1|1|1|1|1|1|1|1|1|1|1|1|1|1|1|1|1|1|1|1|1|1|1|1|1|1|1|1|1|2|2|1|1|1|1|1|1|1|1|1|1|1|1|1|1|1|1|1|2|2|2|2|
2|2|2|2|2|1|1|1|1|1|1|1|1|1|1|1|1|1|1|1|1|1|1|1|1|1|1|1|1|1|1|1|1|1|1|1|1|1|1|1|1|1|1|1|1|1|1|1|1|1|1|1|1|1|1|1|1|1|1|1|2|2|2|2|2|
2|2|2|2|2|1|1|1|1|1|1|1|1|1|1|1|1|1|1|1|1|1|1|1|1|1|1|1|1|1|1|1|1|1|1|1|1|1|1|1|1|1|1|1|1|1|1|1|1|1|1|1|1|1|1|1|1|1|1|1|2|2|2|2|2|
2|2|2|2|2|2|1|1|1|1|1|1|1|1|1|1|1|1|1|1|1|1|1|1|1|1|1|1|1|1|1|1|1|1|1|1|1|1|1|1|1|1|1|1|1|1|1|1|1|1|1|1|1|1|1|1|1|1|1|1|2|2|2|2|2|
2|2|2|2|2|2|1|1|1|1|1|1|1|1|1|1|1|1|1|1|1|1|1|1|1|1|1|1|1|1|1|1|1|1|1|1|1|1|1|1|1|1|1|1|1|1|1|1|1|1|1|1|1|1|1|1|1|1|1|1|2|2|2|2|2|
2|2|2|2|2|2|1|1|1|1|1|1|1|1|1|1|1|1|1|1|1|1|1|1|1|1|1|1|1|1|1|1|1|1|1|1|1|1|1|1|1|1|1|1|1|1|1|1|1|1|1|1|1|1|1|1|1|1|1|1|2|2|2|2|2|
2|2|2|2|2|2|1|1|1|1|1|1|1|1|1|1|1|1|1|1|1|1|1|1|1|1|1|1|1|1|1|1|1|1|1|1|1|1|1|1|1|1|1|1|1|1|1|1|1|1|1|1|1|1|1|1|1|1|1|1|2|2|2|2|2|
2|2|2|2|2|2|1|1|1|1|1|1|1|1|1|1|1|1|1|1|1|2|2|1|1|1|1|1|1|1|1|1|1|1|1|1|1|1|1|1|1|1|1|1|1|1|1|1|1|1|1|1|1|1|1|1|1|1|1|1|2|2|2|2|2|
2|2|2|2|2|2|1|1|1|1|1|1|1|1|1|1|1|1|1|1|2|2|2|2|1|1|1|1|1|1|1|1|1|1|1|1|1|1|1|1|1|1|1|1|1|1|1|1|1|1|1|1|1|1|1|1|1|1|1|2|2|2|2|2|2|
2|2|2|2|2|2|2|1|1|1|1|1|1|1|1|1|1|1|1|1|2|2|2|2|2|1|1|1|1|1|1|1|1|1|1|1|1|1|1|1|1|1|1|1|1|1|1|1|1|1|1|1|1|1|1|1|1|1|2|2|2|2|2|2|2|
2|2|2|2|2|2|2|1|1|1|1|1|1|1|1|1|1|1|1|1|2|2|2|2|2|1|1|1|1|1|1|1|1|1|1|1|1|1|1|1|1|1|1|1|1|1|1|1|1|1|1|1|1|1|1|1|1|2|2|2|2|2|2|2|2|
2|2|2|2|2|2|2|2|1|1|1|1|1|1|1|1|1|1|1|1|1|2|2|2|1|1|1|1|1|1|1|1|1|1|1|1|1|1|1|1|1|1|1|1|1|1|1|1|1|1|1|1|1|1|1|1|2|2|2|2|2|2|2|2|2|
2|2|2|2|2|2|2|2|1|1|1|1|1|1|1|1|1|1|1|1|1|1|1|1|1|1|1|1|1|1|1|1|1|1|1|1|1|1|1|1|1|1|1|1|1|1|1|1|1|1|1|1|1|1|1|1|2|2|2|2|2|2|2|2|2|
2|2|2|2|2|2|2|2|2|1|1|1|1|1|1|1|1|1|1|1|1|1|1|1|1|1|1|1|1|1|1|1|1|1|1|1|1|1|1|1|1|1|1|1|1|1|1|1|1|1|1|1|1|1|1|1|2|2|2|2|2|2|2|2|2|
2|2|2|2|2|2|2|2|2|2|1|1|1|1|1|1|1|1|1|1|1|1|1|1|1|1|1|1|1|1|1|1|1|1|1|1|1|1|1|1|1|1|1|1|1|1|1|1|1|1|1|1|1|1|1|1|2|2|2|2|2|2|2|2|2|
2|2|2|2|2|2|2|2|2|2|2|1|1|1|1|1|1|1|1|1|1|1|1|1|1|1|1|1|1|1|1|1|1|1|1|1|1|1|1|1|1|1|1|1|1|1|1|1|1|1|1|1|1|1|1|1|2|2|2|2|2|2|2|2|2|
2|2|2|2|2|2|2|2|2|2|2|2|1|1|1|1|1|1|1|1|1|1|1|1|1|1|1|1|1|1|1|1|1|1|1|1|1|1|1|1|1|1|1|1|1|1|1|1|1|1|1|1|1|1|1|1|2|2|2|2|2|2|2|2|2|
2|2|2|2|2|2|2|2|2|2|2|2|1|1|1|1|1|1|1|1|1|1|1|1|1|1|1|1|1|1|1|1|1|1|1|1|1|1|2|2|2|1|1|1|1|1|1|1|1|1|1|1|1|1|1|1|2|2|2|2|2|2|2|2|2|
2|2|2|2|2|2|2|2|2|2|2|2|1|1|1|1|1|1|1|1|1|1|1|1|1|1|1|1|1|1|1|1|1|1|1|1|1|2|2|2|2|1|1|1|1|1|1|1|1|1|1|1|1|1|1|1|2|2|2|2|2|2|2|2|2|
2|2|2|2|2|2|2|2|2|2|2|1|1|1|1|1|1|1|1|1|1|1|1|1|1|1|1|1|1|1|1|1|1|1|1|1|1|2|2|2|2|1|1|1|1|1|1|1|1|1|1|1|1|1|1|1|1|2|2|2|2|2|2|2|2|
2|2|2|2|2|2|2|2|2|2|1|1|1|1|1|1|1|1|1|1|1|1|1|1|1|1|1|1|1|1|1|1|1|1|1|1|1|1|2|2|2|1|1|1|1|1|1|1|1|1|1|1|1|1|1|1|1|1|2|2|2|2|2|2|2|
2|2|2|2|2|2|2|2|2|1|1|1|1|1|1|1|1|1|1|1|1|1|1|1|1|1|1|1|1|1|1|1|1|1|1|1|1|1|1|2|1|1|1|1|1|1|1|1|1|1|1|1|1|1|1|1|1|1|1|2|2|2|2|2|2|
2|2|2|2|2|2|2|2|2|1|1|1|1|1|1|1|1|1|1|1|1|1|1|1|1|1|1|1|1|1|1|1|1|1|1|1|1|1|1|1|1|1|1|1|1|1|1|1|1|1|1|1|1|1|1|1|1|1|1|1|2|2|2|2|2|
2|2|2|2|2|2|2|2|2|1|1|1|1|1|1|1|1|1|1|1|1|1|1|1|1|1|1|1|1|1|1|1|1|1|1|1|1|1|1|1|1|1|1|1|1|1|1|1|1|1|1|1|1|1|1|1|1|1|1|1|1|2|2|2|2|
2|2|2|2|2|2|2|2|2|1|1|1|1|1|1|1|1|1|1|1|1|1|1|1|1|1|1|1|1|1|1|1|1|1|1|1|1|1|1|1|1|1|1|1|1|1|1|1|1|1|1|1|1|1|1|1|1|1|1|1|1|1|2|2|2|
2|2|2|2|2|2|2|2|2|1|1|1|1|1|1|1|1|1|1|1|1|1|1|1|1|1|1|1|1|1|1|1|1|1|1|1|1|1|1|1|1|1|1|1|1|1|1|1|1|1|1|1|1|1|1|1|1|1|1|1|1|1|2|2|2|
2|2|2|2|2|2|2|2|2|1|1|1|1|1|1|1|1|1|1|1|1|1|1|1|1|1|1|1|1|1|1|1|1|1|1|1|1|1|1|1|1|1|1|1|1|1|1|1|1|1|1|1|1|1|1|1|1|1|1|1|1|1|2|2|2|
2|2|2|2|2|2|2|2|2|2|1|1|1|1|1|1|1|1|1|1|1|1|1|1|1|1|1|1|1|1|1|1|1|1|1|1|1|1|1|1|1|1|1|1|1|1|1|1|1|1|1|1|1|1|1|1|1|1|1|1|1|1|2|2|2|
2|2|2|2|2|2|2|2|2|2|2|2|1|1|1|1|1|1|1|1|1|1|1|1|1|1|1|1|1|1|1|1|1|1|1|1|1|1|2|2|2|2|2|1|1|1|1|1|1|1|1|1|1|1|1|1|1|1|1|1|1|1|2|2|2|
2|2|2|2|2|2|2|2|2|2|2|2|2|1|1|1|1|1|2|2|2|2|2|2|2|2|2|1|1|1|1|1|1|1|1|1|1|2|2|2|2|2|2|2|1|1|2|2|2|1|1|1|1|1|1|1|1|1|1|1|1|1|2|2|2|
2|2|2|2|2|2|2|2|2|2|2|2|2|2|2|2|2|2|2|2|2|2|2|2|2|2|2|2|1|1|1|1|1|1|1|2|2|2|2|2|2|2|2|2|2|2|2|2|2|2|1|1|1|1|1|1|1|1|2|2|2|2|2|2|2|
2|2|2|2|2|2|2|2|2|2|2|2|2|2|2|2|2|2|2|2|2|2|2|2|2|2|2|2|2|1|1|1|1|2|2|2|2|2|2|2|2|2|2|2|2|2|2|2|2|2|2|2|2|2|1|1|1|2|2|2|2|2|2|2|2|
2|2|2|2|2|2|2|2|2|2|2|2|2|2|2|2|2|2|2|2|2|2|2|2|2|2|2|2|2|2|1|1|2|2|2|2|2|2|2|2|2|2|2|2|2|2|2|2|2|2|2|2|2|2|2|2|2|2|2|2|2|2|2|2|2|
2|2|2|2|2|2|2|2|2|2|2|2|2|2|2|2|2|2|2|2|2|2|2|2|2|2|2|2|2|2|2|2|2|2|2|2|2|2|2|2|2|2|2|2|2|2|2|2|2|2|2|2|2|2|2|2|2|2|2|2|2|2|2|2|2|
[Items]
2
Rusty Chain Mail Gauntlets of Savagery|5|4|0|0|0|0|0|0|0|0|31|48
Relentless Gladius of Magnetism|16|0|3|0|0|0|0|0|0|0|41|18
[Monsters]
6
White Dragon|250|200|40|17|12|44
Kobold Leader|40|210|8|8|44|32
Demilich|80|210|26|11|34|60
Yellow Dragon|200|230|40|17|11|40
Moblin|7|200|2|3|14|52
Raven|3|210|2|1|42|44
5
65 65
2|2|2|2|2|2|2|2|2|2|2|2|2|2|2|2|2|2|2|2|2|2|2|2|2|2|2|2|2|2|2|2|2|2|2|2|2|2|2|2|2|2|2|2|2|2|2|2|2|2|2|2|2|2|2|2|2|2|2|2|2|2|2|2|2|
2|2|2|2|2|2|2|2|2|2|2|2|2|2|2|2|2|2|2|2|2|2|2|2|2|2|2|2|2|2|2|2|2|2|2|2|2|2|2|2|2|2|2|2|2|2|2|2|2|2|2|2|2|2|2|2|2|2|2|2|2|2|2|2|2|
2|2|2|2|2|2|2|2|2|2|2|2|2|2|2|2|2|2|2|2|2|2|2|2|2|2|2|2|2|2|2|2|2|2|2|2|2|2|2|2|2|2|2|2|2|2|2|2|2|2|2|2|2|2|2|2|2|2|2|2|2|2|2|2|2|
2|2|2|2|2|2|2|2|2|2|2|2|2|2|2|2|2|2|2|2|2|2|2|2|2|2|2|2|2|2|2|2|2|2|2|2|2|2|2|2|2|2|2|2|2|2|2|2|2|2|2|2|2|2|2|2|2|2|2|2|2|2|2|2|2|
2|2|2|2|2|2|2|2|2|2|2|2|2|2|2|2|2|2|2|2|2|2|2|2|2|2|2|2|2|2|2|2|2|2|2|2|2|2|2|2|2|2|2|2|2|2|2|2|2|2|2|2|2|2|2|2|2|2|2|2|2|2|2|2|2|
2|2|2|2|2|2|2|2|2|2|2|2|2|2|2|2|2|2|2|2|2|2|2|2|2|2|2|2|2|2|2|2|2|2|2|2|2|2|2|2|2|2|2|2|2|2|2|2|2|2|2|2|2|2|2|2|2|2|2|2|2|2|2|2|2|
2|2|2|2|2|2|2|2|2|2|2|2|2|2|2|2|2|2|2|2|2|2|2|2|2|2|2|2|2|2|2|2|2|2|2|2|2|2|2|2|2|2|2|2|2|2|2|2|2|2|2|2|2|2|2|2|2|2|2|2|2|2|2|2|2|
2|2|2|2|2|2|2|2|2|2|2|2|2|2|2|2|2|2|2|2|2|2|2|2|2|2|2|2|2|2|2|2|2|2|2|2|2|2|2|2|2|2|2|2|2|2|2|2|2|2|2|2|2|2|2|2|2|2|2|2|2|2|2|2|2|
2|2|2|2|2|2|2|2|2|2|1|1|1|2|2|2|2|2|2|2|2|2|2|2|2|2|2|2|2|2|2|2|2|2|2|2|2|2|2|2|2|2|2|2|2|2|2|2|2|2|2|2|2|2|2|2|2|2|2|2|2|2|2|2|2|
2|2|2|2|2|2|2|1|1|1|1|1|1|1|2|2|2|2|2|2|2|2|2|2|2|2|2|2|2|2|2|2|2|2|2|2|2|2|2|2|2|2|2|2|2|2|2|2|2|2|2|2|2|2|2|2|2|2|2|2|2|2|2|2|2|
2|2|2|2|2|2|1|1|1|1|1|1|1|1|1|2|2|2|2|2|2|2|2|2|2|2|2|2|2|2|2|2|2|2|2|2|2|2|2|2|2|2|2|2|2|2|2|2|2|2|2|2|2|2|2|2|2|2|2|2|2|2|2|2|2|
2|2|2|2|2|2|1|1|1|1|1|1|1|1|1|1|2|2|1|1|1|2|2|2|2|2|2|2|2|2|2|2|2|2|2|2|2|2|2|2|2|2|2|2|2|2|2|1|1|2|2|2|2|2|2|2|2|2|2|2|2|2|2|2|2|
2|2|2|2|2|2|1|1|1|1|1|1|1|1|1|1|1|1|1|1|1|1|2|2|2|2|2|2|2|2|2|2|2|2|2|2|2|2|2|2|2|2|2|2|2|2|1|1|1|1|2|2|2|2|2|2|2|2|2|2|2|2|2|2|2|
2|2|2|2|2|2|1|1|1|1|1|1|1|1|1|1|1|1|1|1|1|1|1|2|2|2|2|2|2|2|2|2|2|2|2|2|2|2|2|2|2|2|2|2|2|1|1|1|1|1|1|1|1|2|2|2|2|2|2|2|2|2|2|2|2|
2|2|2|2|2|2|1|1|1|1|1|1|1|1|1|1|1|1|1|1|1|1|1|1|2|2|2|2|2|2|2|2|2|2|2|2|2|2|2|2|2|2|2|2|2|1|1|1|1|1|1|1|1|1|2|2|2|2|2|2|2|2|2|2|2|
2|2|2|2|2|2|1|1|1|1|1|1|1|1|1|1|1|1|1|1|1|1|1|1|1|2|2|2|2|2|2|2|2|2|2|2|2|2|2|2|2|2|2|2|2|1|1|1|1|1|2|2|1|1|1|2|2|2|2|2|2|2|2|2|2|
2|2|2|2|2|2|1|1|1|1|1|1|1|1|1|1|1|1|1|1|1|1|1|1|1|1|2|2|2|2|2|2|2|2|2|2|2|2|2|2|2|2|2|2|2|2|1|1|1|2|2|2|2|1|1|1|1|1|1|2|2|2|2|2|2|
2|2|2|2|2|2|1|1|1|1|1|1|1|1|1|1|1|1|1|1|1|1|1|1|1|1|1|2|2|2|2|2|2|2|2|2|2|2|2|2|2|2|2|2|2|2|1|1|1|2|2|2|2|1|1|1|1|1|1|2|2|2|2|2|2|
2|2|2|2|2|2|1|1|1|1|1|1|1|1|1|1|1|1|1|1|1|1|2|2|1|1|1|1|2|2|2|2|2|2|2|2|2|2|2|2|2|2|2|2|2|2|1|1|1|1|2|2|2|1|1|1|1|1|1|1|2|2|2|2|2|
2|2|2|2|2|2|1|1|1|1|1|1|1|1|1|1|1|1|1|1|1|2|2|2|2|1|1|1|1|2|2|2|2|2|2|2|2|2|2|2|2|2|2|2|2|1|1|1|1|1|1|1|1|1|1|1|1|1|1|1|2|2|2|2|2|
2|2|2|2|2|1|1|1|1|1|1|1|1|1|1|1|1|1|1|1|1|2|2|2|2|2|2|1|1|1|2|2|2|2|2|2|2|2|2|2|2|2|2|2|1|1|1|1|1|1|1|1|1|1|1|1|1|1|1|2|2|2|2|2|2|
2|2|2|2|2|1|1|1|1|1|1|1|1|1|1|1|1|1|1|1|1|2|2|2|2|2|2|2|1|1|1|2|2|2|2|2|2|2|2|2|2|2|2|2|1|1|1|1|1|1|1|1|1|1|1|1|1|2|2|2|2|2|2|2|2|
2|2|2|2|2|2|1|1|1|1|1|1|1|1|1|1|1|1|1|1|1|2|2|2|2|2|2|2|2|1|1|1|2|2|2|2|2|2|2|2|2|2|2|2|1|1|1|1|1|1|1|1|1|1|1|1|2|2|2|2|2|2|2|2|2|
2|2|2|2|2|2|1|1|1|1|1|1|1|1|1|1|1|1|1|1|1|1|2|2|2|2|2|2|2|2|1|1|1|2|2|2|2|2|2|2|2|2|2|2|1|1|1|1|1|1|1|1|1|1|1|1|2|2|2|2|2|2|2|2|2|
2|2|2|2|2|2|1|1|1|1|1|1|1|1|1|1|1|1|1|1|1|1|2|2|2|2|2|2|2|2|1|1|1|1|1|2|2|2|2|2|2|2|2|2|1|1|1|1|1|1|1|1|1|1|1|1|2|2|2|2|2|2|2|2|2|
2|2|2|2|2|2|1|1|1|1|1|1|1|1|1|1|1|1|1|1|1|1|1|2|2|2|2|2|2|2|1|1|1|1|1|2|2|2|2|2|2|2|2|2|1|1|1|1|1|1|1|1|1|1|1|1|1|2|2|2|2|2|2|2|2|
2|2|2|2|2|2|1|1|1|1|1|1|1|1|1|1|1|1|1|1|1|1|1|1|2|2|2|2|2|2|1|1|1|1|1|2|2|2|2|2|2|2|2|2|1|1|1|1|1|1|1|1|1|1|1|1|1|2|2|2|2|2|2|2|2|
2|2|2|2|2|2|1|1|1|1|1|1|1|1|1|1|1|1|1|1|1|1|1|1|1|2|2|2|2|2|1|1|1|1|2|2|2|2|2|2|2|2|2|2|1|1|1|1|1|1|1|1|1|1|1|1|1|2|2|2|2|2|2|2|2|
2|2|2|2|2|1|1|1|1|1|1|1|1|2|2|1|1|1|1|1|1|1|1|1|1|1|2|2|2|1|1|1|1|1|2|2|2|2|2|2|2|2|2|2|1|1|1|1|1|1|1|1|1|1|1|1|1|2|2|2|2|2|2|2|2|
2|2|2|2|2|1|1|1|1|1|1|1|2|2|2|2|1|1|1|1|1|1|1|1|1|1|1|1|1|1|1|1|1|2|2|2|2|2|2|2|2|2|2|2|1|1|1|1|1|1|1|1|1|1|1|1|1|2|2|2|2|2|2|2|2|
2|2|2|2|1|1|1|1|1|1|1|1|2|2|2|2|2|1|1|1|1|1|1|1|1|1|1|1|1|1|1|1|2|2|2|2|2|2|2|2|2|2|2|2|2|1|1|1|1|1|1|1|1|1|1|1|1|2|2|2|2|2|2|2|2|
2|2|2|2|1|1|1|1|1|1|1|1|2|2|2|2|2|2|1|1|1|1|1|1|1|1|1|1|1|1|1|1|2|2|2|2|2|2|2|2|2|2|2|2|2|2|1|1|1|1|1|1|1|1|1|1|1|1|2|2|2|2|2|2|2|
2|2|2|2|1|1|1|1|1|1|1|1|2|2|2|2|2|2|2|1|1|1|1|1|1|1|1|1|1|1|1|1|1|2|2|2|2|2|2|2|2|2|2|2|2|2|2|2|2|1|1|1|1|1|1|1|1|1|1|2|2|2|2|2|2|
2|2|2|2|2|1|1|2|2|1|1|1|1|2|2|2|2|2|2|2|1|1|1|1|1|1|1|1|1|1|1|1|1|1|2|2|2|2|2|2|2|2|2|2|2|2|2|2|2|2|1|1|1|1|1|1|1|1|1|1|2|2|2|2|2|
2|2|2|2|2|2|2|2|2|2|1|1|1|2|2|2|2|2|2|2|1|1|1|1|1|1|1|1|1|1|1|1|1|1|1|2|2|2|2|2|1|1|2|2|2|2|2|2|2|2|1|1|1|1|1|1|1|1|1|1|1|2|2|2|2|
2|2|2|2|2|2|2|2|2|2|1|1|1|1|2|2|2|2|2|2|1|1|1|1|1|1|1|1|1|2|2|2|2|1|1|1|2|2|2|1|1|1|1|1|2|2|2|2|2|2|1|1|1|1|1|1|1|1|1|1|1|2|2|2|2|
2|2|2|2|2|2|2|2|2|2|1|1|1|1|2|2|2|2|2|1|1|1|1|1|1|1|1|1|2|2|2|2|2|2|1|1|2|2|2|1|1|1|1|1|1|2|2|2|2|1|1|1|1|1|1|1|1|1|1|1|1|2|2|2|2|
2|2|2|2|2|2|2|2|2|2|1|1|1|1|1|2|2|2|2|1|1|1|1|1|1|1|1|1|2|2|2|2|2|2|1|1|2|2|2|1|1|1|1|1|1|1|1|1|1|1|1|1|1|1|1|1|1|1|1|1|1|2|2|2|2|
2|2|2|2|2|2|2|2|2|2|1|1|1|1|1|1|2|2|1|1|1|1|1|1|1|1|1|1|1|2|2|2|2|1|1|1|1|2|1|1|1|1|1|1|1|1|1|1|1|1|1|1|1|1|1|1|1|1|1|1|1|2|2|2|2|
2|2|2|2|2|2|2|2|2|2|2|1|1|1|1|1|1|1|1|1|1|1|1|1|1|1|1|1|1|1|2|2|1|1|1|1|1|1|1|1|1|1|1|1|1|1|1|1|1|1|1|1|1|1|1|1|1|1|1|1|1|2|2|2|2|
2|2|2|2|2|2|2|2|2|2|2|2|1|1|1|1|1|1|1|1|1|1|1|1|1|1|1|1|1|1|1|1|1|1|1|1|1|1|1|1|1|1|1|1|1|1|1|1|1|1|1|1|1|1|1|1|1|1|1|1|1|2|2|2|2|
2|2|2|2|2|2|2|2|2|2|2|2|2|1|1|1|1|1|1|1|1|1|1|1|1|1|1|1|1|1|1|1|1|1|1|1|1|1|1|1|1|1|1|1|1|1|1|1|1|1|1|1|1|1|1|1|1|1|1|1|1|2|2|2|2|
2|2|2|2|2|2|2|2|2|2|2|2|2|2|1|1|1|1|1|1|1|1|1|1|1|1|1|1|1|1|1|1|1|1|1|1|1|1|1|2|2|2|1|1|1|1|1|1|1|1|1|1|1|1|1|1|1|1|1|1|1|2|2|2|2|
2|2|2|2|2|2|2|2|2|2|2|2|2|2|1|1|1|1|1|1|1|1|1|1|1|1|1|1|1|1|1|1|1|1|1|1|1|1|2|2|2|2|2|1|1|1|1|1|1|1|1|1|1|1|1|1|1|1|1|1|1|2|2|2|2|
2|2|2|2|2|2|2|2|2|2|2|2|2|1|1|1|1|1|1|1|1|1|1|1|1|1|1|1|1|1|1|1|1|1|1|1|1|1|2|2|2|2|2|2|1|1|1|1|1|1|1|1|1|1|1|1|1|1|1|1|1|2|2|2|2|
2|2|2|2|2|2|2|2|2|2|2|2|2|1|1|1|1|1|1|1|1|1|1|1|1|1|1|1|1|1|1|1|1|1|1|1|1|1|2|2|2|2|2|2|2|2|1|1|1|1|1|1|1|1|1|1|1|1|1|1|1|1|2|2|2|
2|2|2|2|2|2|2|2|2|2|2|2|2|2|1|1|1|1|1|1|1|1|1|1|1|1|1|1|1|1|1|1|1|1|1|1|1|1|1|2|2|2|2|2|2|2|2|1|1|1|1|1|1|1|1|1|1|1|1|1|1|1|2|2|2|
2|2|2|2|2|2|2|2|2|2|2|2|2|2|1|1|1|1|1|1|1|1|1|1|1|1|1|1|1|1|1|1|1|1|1|1|1|1|1|1|2|2|2|2|2|2|2|2|1|1|1|1|1|1|13|1|1|1|1|1|1|1|2|2|2|
2|2|2|2|2|2|2|2|2|2|2|2|2|2|1|1|1|1|1|1|1|1|1|1|1|1|1|1|1|1|1|1|1|1|1|1|1|1|1|1|1|2|2|2|2|2|2|2|2|2|1|1|1|1|1|1|1|1|1|1|1|1|2|2|2|
2|2|2|2|2|2|2|2|2|2|2|2|2|1|1|1|1|1|1|1|1|1|1|1|1|1|1|1|1|1|1|1|1|1|1|1|1|1|1|1|1|1|1|2|2|2|2|2|2|2|2|1|1|1|1|1|1|1|1|1|1|1|2|2|2|
2|2|2|2|2|2|2|2|2|2|2|2|2|1|1|1|1|1|1|1|1|1|1|1|1|1|1|1|1|1|1|1|1|1|1|1|1|1|1|1|1|1|1|1|2|2|2|2|2|2|2|2|1|1|1|1|1|1|1|1|1|1|2|2|2|
2|2|2|2|2|2|2|2|2|2|2|2|2|1|1|1|1|1|1|1|1|1|1|1|1|1|1|1|1|1|1|1|1|1|1|1|1|1|1|1|1|1|1|1|1|2|2|2|2|2|2|2|2|1|1|1|1|1|1|1|1|1|2|2|2|
2|2|2|2|2|2|2|2|2|2|2|2|2|1|1|1|1|1|1|1|1|1|1|1|1|1|1|1|1|1|1|1|1|1|1|1|1|1|1|1|1|1|1|1|1|2|2|2|2|2|2|2|2|2|1|1|1|1|1|1|1|1|2|2|2|
2|2|2|2|2|2|2|2|2|2|2|2|2|1|1|1|1|1|1|1|1|1|1|1|1|1|1|1|1|1|1|1|1|1|1|1|1|1|1|1|1|1|1|1|1|2|2|2|2|2|2|2|2|2|2|1|1|1|1|1|1|1|2|2|2|
2|2|2|2|2|2|2|2|2|2|2|2|2|1|1|1|1|1|1|1|1|1|1|1|1|1|1|1|1|1|1|1|1|1|1|1|1|1|1|1|1|1|1|1|1|1|2|2|2|2|2|2|2|2|2|1|1|1|1|1|1|1|2|2|2|
2|2|2|2|2|2|2|2|2|2|2|2|2|1|1|1|1|1|1|1|1|1|1|1|1|1|1|1|1|1|1|1|1|1|1|1|1|1|2|2|1|1|1|1|1|1|1|2|2|2|2|2|2|2|2|1|1|1|1|1|1|2|2|2|2|
2|2|2|2|2|2|2|2|2|2|2|2|2|1|1|1|1|1|1|1|1|1|1|1|1|1|1|1|1|1|1|1|1|1|1|1|1|2|2|2|2|2|2|1|1|1|1|1|2|2|2|2|2|2|2|1|1|1|1|1|1|2|2|2|2|
2|2|2|2|2|2|2|2|2|2|2|2|2|1|1|1|1|1|1|1|1|1|1|1|1|1|1|1|1|1|1|1|1|1|1|1|1|2|2|2|2|2|2|1|1|1|1|1|2|2|2|2|2|2|2|2|1|1|1|1|1|2|2|2|2|
2|2|2|2|2|2|2|2|2|2|2|2|2|1|1|1|1|1|1|1|1|1|1|1|1|1|1|1|1|1|1|1|1|1|1|1|1|2|2|2|2|2|2|2|2|1|1|1|2|2|2|2|2|2|2|2|1|1|1|1|1|1|2|2|2|
2|2|2|2|2|2|2|2|2|2|2|2|2|2|1|1|1|1|1|1|1|1|1|1|1|1|1|1|1|1|1|1|1|1|1|1|1|2|2|2|2|2|2|2|2|2|1|1|1|2|2|2|2|2|2|2|2|1|1|1|1|1|2|2|2|
2|2|2|2|2|2|2|2|2|2|2|2|2|2|1|1|1|1|1|1|1|1|1|1|1|1|1|1|1|1|1|1|1|1|1|1|2|2|2|2|2|2|2|2|2|2|2|1|2|2|2|2|2|2|2|2|2|2|1|1|1|2|2|2|2|
2|2|2|2|2|2|2|2|2|2|2|2|2|2|2|2|1|1|2|2|2|2|2|2|2|2|1|1|1|2|2|2|2|2|2|2|2|2|2|2|2|2|2|2|2|2|2|2|2|2|2|2|2|2|2|2|2|2|2|2|2|2|2|2|2|
2|2|2|2|2|2|2|2|2|2|2|2|2|2|2|2|2|2|2|2|2|2|2|2|2|2|2|2|2|2|2|2|2|2|2|2|2|2|2|2|2|2|2|2|2|2|2|2|2|2|2|2|2|2|2|2|2|2|2|2|2|2|2|2|2|
2|2|2|2|2|2|2|2|2|2|2|2|2|2|2|2|2|2|2|2|2|2|2|2|2|2|2|2|2|2|2|2|2|2|2|2|2|2|2|2|2|2|2|2|2|2|2|2|2|2|2|2|2|2|2|2|2|2|2|2|2|2|2|2|2|
2|2|2|2|2|2|2|2|2|2|2|2|2|2|2|2|2|2|2|2|2|2|2|2|2|2|2|2|2|2|2|2|2|2|2|2|2|2|2|2|2|2|2|2|2|2|2|2|2|2|2|2|2|2|2|2|2|2|2|2|2|2|2|2|2|
[Items]
2
Chain Mail Half-Greaves|0|5|0|0|0|0|0|0|0|0|47|28
Soft Leather Greaves of Mentality|0|1|0|0|0|0|0|0|20|0|19|17
[Monsters]
7
Rat|6|200|3|2|14|59
Giant Raven|20|200|7|7|27|56
Crow|2|220|1|1|6|10
Mountain Giant|160|150|23|15|11|23
Kobold|30|207|6|7|51|38
Troll|70|160|15|10|56|53
Crow|2|220|1|1|52|41
