[SUFFIX] [AR] [DR] [MR] [HP] [MP] [STR] [CON] [DEX] [INT] [WIS]
 of Strength|0|0|0|0|0|3|0|0|0|0|.06
 of Might|0|0|0|0|0|5|0|0|0|0|.05
 of the Ox|0|0|0|0|0|9|0|0|0|0|.04
 of the Giant|0|0|0|0|0|15|0|0|0|0|.03
 of the Titan|0|0|0|0|0|20|0|0|0|0|.02
 of Omnipotence|0|0|0|0|0|30|0|0|0|0|.01
 of Dexterity|0|0|0|0|0|0|0|3|0|0|.06
 of Skill|0|0|0|0|0|0|0|5|0|0|.05
 of Accuracy|0|0|0|0|0|0|0|9|0|0|.04
 of Precision|0|0|0|0|0|0|0|15|0|0|.03
 of Perfection|0|0|0|0|0|0|0|20|0|0|.02
 of Nirvana|0|0|0|0|0|0|0|30|0|0|.01
 of Energy|0|0|0|0|3|0|0|0|0|0|.06
 of the Mind|0|0|0|0|5|0|0|0|0|0|.05
 of Sorcery|0|0|0|0|9|0|0|0|0|0|.04
 of Wizardry|0|0|0|0|15|0|0|0|0|0|.03
 of Brilliance|0|0|0|0|20|0|0|0|0|0|.02
 of Enlightenment|0|0|0|0|30|0|0|0|0|0|.01
 of the Hippo|0|0|0|3|0|0|0|0|0|0|0.06
 of the Elephant|0|0|0|5|0|0|0|0|0|0|.05
 of the Squid|0|0|0|9|0|0|0|0|0|0|.04
 of the Mammoth|0|0|0|15|0|0|0|0|0|0|.03
 of the Whale|0|0|0|20|0|0|0|0|0|0|.02
 of the Colossus|0|0|0|30|0|0|0|0|0|0|.01
 of Endurance|0|0|0|0|0|0|3|0|0|0|.06
 of Stamina|0|0|0|0|0|0|5|0|0|0|.05
 of Persistence|0|0|0|0|0|0|9|0|0|0|.04
 of Perseverence|0|0|0|0|0|0|15|0|0|0|.03
 of the Heart|0|0|0|0|0|0|20|0|0|0|.02
 of the Hulk|0|0|0|0|0|0|30|0|0|0|.01
 of Prudence|0|0|0|0|0|0|0|0|0|3|.06
 of Insight|0|0|0|0|0|0|0|0|0|5|.05
 of Knowledge|0|0|0|0|0|0|0|0|0|9|0.04
 of Judgment|0|0|0|0|0|0|0|0|0|15|0.03
 of Wisdom|0|0|0|0|0|0|0|0|0|20|0.02
 of Sagacity|0|0|0|0|0|0|0|0|0|30|0.01
 of Aptitude|0|0|0|0|0|0|0|0|3|0|0.06
 of Intellect|0|0|0|0|0|0|0|0|5|0|0.05
 of Wit|0|0|0|0|0|0|0|0|9|0|0.04
 of Comprehension|0|0|0|0|0|0|0|0|15|0|0.03
 of Mentality|0|0|0|0|0|0|0|0|20|0|0.02
 of Genius|0|0|0|0|0|0|0|0|30|0|0.01
 of Violence|3|0|0|0|0|0|0|0|0|0|0.06
 of Savagery|5|0|0|0|0|0|0|0|0|0|0.05
 of Brutality|9|0|0|0|0|0|0|0|0|0|0.04
 of Cruelty|15|0|0|0|0|0|0|0|0|0|0.03
 of Destruction|20|0|0|0|0|0|0|0|0|0|0.02
 of the Apocalypse|30|0|0|0|0|0|0|0|0|0|0.01|
 of Resistance|0|3|0|0|0|0|0|0|0|0|0|0.06
 of Security|0|5|0|0|0|0|0|0|0|0|0|0.05
 of Defense|0|9|0|0|0|0|0|0|0|0|0.04
 of Shielding|0|15|0|0|0|0|0|0|0|0|0.03
 of the Protector|0|20|0|0|0|0|0|0|0|0|0.02
 of Aegis|0|30|0|0|0|0|0|0|0|0|0.01
 of Magnetism|0|0|3|0|0|0|0|0|0|0|0.06
 of Voodoo|0|0|5|0|0|0|0|0|0|0|0.05
 of Spirit|0|0|9|0|0|0|0|0|0|0|0.04
 of Prophecy|0|0|15|0|0|0|0|0|0|0|0.03
 of Parapsychology|0|0|20|0|0|0|0|0|0|0|0.02
 of Thaumaturgy|0|0|30|0|0|0|0|0|0|0|0.01
 of the Sun|5|5|5|5|5|5|5|5|5|5|0.007
 of Mercury|0|0|0|0|0|0|0|50|0|0|0.007
 of Mars|50|0|0|0|0|0|0|0|0|0|0.007
 of Venus|0|50|0|0|0|0|0|0|0|0|0.007
 of Earth|0|0|0|0|0|0|0|0|50|0|0.007
 of the Moon|0|0|50|0|0|0|0|0|0|0|0.007
 of Saturn|0|0|0|0|0|0|50|0|0|0|0.007
 of Jupiter|0|0|0|0|0|50|0|0|0|0|0.007
 of Uranus|0|0|0|0|50|0|0|0|0|0|0.007
 of Neptune|0|0|0|50|0|0|0|0|0|0|0.007
 of Pluto|0|0|0|0|0|0|0|0|0|50|0.007
, Hushed as the Wood|0|0|0|100|0|0|0|0|0|0|0.002
, Swift as the Wind|0|0|0|0|100|0|0|0|0|0|0.002
, Fierce as the Flame|100|0|0|0|0|0|0|0|0|0|0.002
, Stalwart as the Mount|0|100|0|0|0|0|0|0|0|0|0.002